
#ALA  INT     1                                                 
   5  N     N     M    3   2   1     1.335   116.600   180.000 -0.41570 
   6  H     H     E    4   3   2     1.010   119.800     0.000  0.27190 
   7  CA    CT    M    4   3   2     1.449   121.900   180.000  0.03370 
   8  HA    H1    E    6   4   3     1.090   109.500   300.000  0.08230 
   9  CB    CT    3    6   4   3     1.525   111.100    60.000 -0.18250 
  10  1HB   HC    E    8   6   4     1.090   109.500    60.000  0.06030 
  11  2HB   HC    E    8   6   4     1.090   109.500   180.000  0.06030 
  12  3HB   HC    E    8   6   4     1.090   109.500   300.000  0.06030 
  13  C     C     M    6   4   3     1.522   111.100   180.000  0.59730 
  14  O     O     E   12   6   4     1.229   120.500     0.000 -0.56790 
#GLY  INT     1                                                 
   4  N     N     M    3   2   1     1.335   116.600   180.000 -0.41570 
   5  H     H     E    4   3   2     1.010   119.800     0.000  0.27190 
   6  CA    CT    M    4   3   2     1.449   121.900   180.000 -0.02520 
   7  1HA   H1    E    6   4   3     1.090   109.500   300.000  0.06980  
   8  2HA   H1    E    6   4   3     1.090   109.500    60.000  0.06980 
   9  C     C     M    6   4   3     1.522   110.400   180.000  0.59730 
  10  O     O     E    9   6   4     1.229   120.500     0.000 -0.56790 
#SER  INT     1                                                 
   4  N     N     M    3   2   1     1.335   116.600   180.000  -0.41570 
   5  H     H     E    4   3   2     1.010   119.800     0.000   0.27190 
   6  CA    CT    M    4   3   2     1.449   121.900   180.000  -0.02490 
   7  HA    H1    E    6   4   3     1.090   109.500   300.000   0.08430 
   8  CB    CT    3    6   4   3     1.525   111.100    60.000   0.21170 
   9  1HB   H1    E    8   6   4     1.090   109.500   300.000   0.03520 
  10  2HB   H1    E    8   6   4     1.090   109.500    60.000   0.03520 
  11  OG    OH    S    8   6   4     1.430   109.470   180.000  -0.65460 
  12  HG    HO    E   11   8   6     0.960   109.470   180.000   0.42750 
  13  C     C     M    6   4   3     1.522   111.100   180.000   0.59730 
  14  O     O     E   13   6   4     1.229   120.500     0.000  -0.56790 
#THR  INT     1                                                       
   4  N     N     M    3   2   1     1.335   116.600   180.000  -0.41570 
   5  H     H     E    4   3   2     1.010   119.800     0.000   0.27190 
   6  CA    CT    M    4   3   2     1.449   121.900   180.000  -0.03890 
   7  HA    H1    E    6   4   3     1.090   109.500   300.000   0.10070 
   8  CB    CT    3    6   4   3     1.525   111.100    60.000   0.36540 
   9  HB    H1    E    8   6   4     1.090   109.500   180.000   0.00430 
  10  CG2   CT    3    8   6   4     1.525   109.470   300.000  -0.24380 
  11  1HG2  HC    E   10   8   6     1.090   109.500    60.000   0.06420 
  12  2HG2  HC    E   10   8   6     1.090   109.500   180.000   0.06420 
  13  3HG2  HC    E   10   8   6     1.090   109.500   300.000   0.06420 
  14  OG1   OH    S    8   6   4     1.430   109.470    60.000  -0.67610 
  15  HG1   HO    E   14   8   6     0.960   109.470   180.000   0.41020 
  16  C     C     M    6   4   3     1.522   111.100   180.000   0.59730 
  17  O     O     E   16   6   4     1.229   120.500     0.000  -0.56790 
#LEU  INT     1                                                 
   4  N     N     M    3   2   1     1.335   116.600   180.000  -0.41570 
   5  H     H     E    4   3   2     1.010   119.800     0.000   0.27190 
   6  CA    CT    M    4   3   2     1.449   121.900   180.000  -0.05180 
   7  HA    H1    E    6   4   3     1.090   109.500   300.000   0.09220 
   8  CB    CT    3    6   4   3     1.525   111.100    60.000  -0.11020 
   9  1HB   HC    E    8   6   4     1.090   109.500   300.000   0.04570 
  10  2HB   HC    E    8   6   4     1.090   109.500    60.000   0.04570 
  11  CG    CT    3    8   6   4     1.525   109.470   180.000   0.35310 
  12  HG    HC    E   11   8   6     1.090   109.500   300.000  -0.03610 
  13  CD1   CT    3   11   8   6     1.525   109.470    60.000  -0.41210 
  14  1HD1  HC    E   13  11   8     1.090   109.500    60.000   0.10000 
  15  2HD1  HC    E   13  11   8     1.090   109.500   180.000   0.10000 
  16  3HD1  HC    E   13  11   8     1.090   109.500   300.000   0.10000 
  17  CD2   CT    3   11   8   6     1.525   109.470   180.000  -0.41210 
  18  1HD2  HC    E   17  11   8     1.090   109.500    60.000   0.10000 
  19  2HD2  HC    E   17  11   8     1.090   109.500   180.000   0.10000 
  20  3HD2  HC    E   17  11   8     1.090   109.500   300.000   0.10000 
  21  C     C     M    6   4   3     1.522   111.100   180.000   0.59730 
  22  O     O     E   21   6   4     1.229   120.500     0.000  -0.56790 
#ILE  INT     1                                                  
   4  N     N     M    3   2   1     1.335   116.600   180.000  -0.41570 
   5  H     H     E    4   3   2     1.010   119.800     0.000   0.27190 
   6  CA    CT    M    4   3   2     1.449   121.900   180.000  -0.05970 
   7  HA    H1    E    6   4   3     1.090   109.500   300.000   0.08690 
   8  CB    CT    3    6   4   3     1.525   109.470    60.000   0.13030 
   9  HB    HC    E    8   6   4     1.090   109.500   300.000   0.01870 
  10  CG2   CT    3    8   6   4     1.525   109.470    60.000  -0.32040 
  11  1HG2  HC    E   10   8   6     1.090   109.500    60.000   0.08820 
  12  2HG2  HC    E   10   8   6     1.090   109.500   180.000   0.08820 
  13  3HG2  HC    E   10   8   6     1.090   109.500   300.000   0.08820 
  14  CG1   CT    3    8   6   4     1.525   109.470   180.000  -0.04300 
  15  1HG1  HC    E   14   8   6     1.090   109.500   300.000   0.02360 
  16  2HG1  HC    E   14   8   6     1.090   109.500    60.000   0.02360 
  17  CD1   CT    3   14   8   6     1.525   109.470   180.000  -0.06600 
  18  1HD1  HC    E   17  14   8     1.090   109.500    60.000   0.01860 
  19  2HD1  HC    E   17  14   8     1.090   109.500   180.000   0.01860 
  20  3HD1  HC    E   17  14   8     1.090   109.500   300.000   0.01860 
  21  C     C     M    6   4   3     1.522   111.100   180.000   0.59730 
  22  O     O     E   21   6   4     1.229   120.500     0.000  -0.56790 
#VAL  INT     1                                                  
   4  N     N     M    3   2   1     1.335   116.600   180.000  -0.41570 
   5  H     H     E    4   3   2     1.010   119.800     0.000   0.27190 
   6  CA    CT    M    4   3   2     1.449   121.900   180.000  -0.08750 
   7  HA    H1    E    6   4   3     1.090   109.500   300.000   0.09690 
   8  CB    CT    3    6   4   3     1.525   111.100    60.000   0.29850 
   9  HB    HC    E    8   6   4     1.090   109.500   300.000  -0.02970 
  10  CG1   CT    3    8   6   4     1.525   109.470    60.000  -0.31920 
  11  1HG1  HC    E   10   8   6     1.090   109.500    60.000   0.07910 
  12  2HG1  HC    E   10   8   6     1.090   109.500   180.000   0.07910 
  13  3HG1  HC    E   10   8   6     1.090   109.500   300.000   0.07910 
  14  CG2   CT    3    8   6   4     1.525   109.470   180.000  -0.31920 
  15  1HG2  HC    E   14   8   6     1.090   109.500    60.000   0.07910 
  16  2HG2  HC    E   14   8   6     1.090   109.500   180.000   0.07910 
  17  3HG2  HC    E   14   8   6     1.090   109.500   300.000   0.07910 
  18  C     C     M    6   4   3     1.522   111.100   180.000   0.59730 
  19  O     O     E   18   6   4     1.229   120.500     0.000  -0.56790 
#ASN  INT     1                                                  
   4  N     N     M    3   2   1     1.335   116.600   180.000  -0.41570 
   5  H     H     E    4   3   2     1.010   119.800     0.000   0.27190 
   6  CA    CT    M    4   3   2     1.449   121.900   180.000   0.01430 
   7  HA    H1    E    6   4   3     1.090   109.500   300.000   0.10480 
   8  CB    CT    3    6   4   3     1.525   111.100    60.000  -0.20410 
   9  1HB   HC    E    8   6   4     1.090   109.500   300.000   0.07970 
  10  2HB   HC    E    8   6   4     1.090   109.500    60.000   0.07970 
  11  CG    C     B    8   6   4     1.522   111.100   180.000   0.71300 
  12  OD1   O     E   11   8   6     1.229   120.500     0.000  -0.59310 
  13  ND2   N     B   11   8   6     1.335   116.600   180.000  -0.91910 
  14  1HD2  H     E   13  11   8     1.010   119.800   180.000   0.41960 
  15  2HD2  H     E   13  11   8     1.010   119.800     0.000   0.41960 
  16  C     C     M    6   4   3     1.522   111.100   180.000   0.59730 
  17  O     O     E   16   6   4     1.229   120.500     0.000  -0.56790 
#GLN  INT     1                                                  
   4  N     N     M    3   2   1     1.335   116.600   180.000  -0.41570 
   5  H     H     E    4   3   2     1.010   119.800     0.000   0.27190 
   6  CA    CT    M    4   3   2     1.449   121.900   180.000  -0.00310 
   7  HA    H1    E    6   4   3     1.090   109.500   300.000   0.08500 
   8  CB    CT    3    6   4   3     1.525   111.100    60.000  -0.00360 
   9  1HB   HC    E    8   6   4     1.090   109.500   300.000   0.01710 
  10  2HB   HC    E    8   6   4     1.090   109.500    60.000   0.01710 
  11  CG    CT    3    8   6   4     1.525   109.470   180.000  -0.06450 
  12  1HG   HC    E   11   8   6     1.090   109.500   300.000   0.03520 
  13  2HG   HC    E   11   8   6     1.090   109.500    60.000   0.03520 
  14  CD    C     B   11   8   6     1.522   111.100   180.000   0.69510 
  15  OE1   O     E   14  11   8     1.229   120.500     0.000  -0.60860 
  16  NE2   N     B   14  11   8     1.335   116.600   180.000  -0.94070 
  17  1HE2  H     E   16  14  11     1.010   119.800   180.000   0.42510 
  18  2HE2  H     E   16  14  11     1.010   119.800     0.000   0.42510 
  19  C     C     M    6   4   3     1.522   111.100   180.000   0.59730 
  20  O     O     E   19   6   4     1.229   120.500     0.000  -0.56790 
#ARG  INT     1                                                 
   4  N     N     M    3   2   1     1.335   116.600   180.000  -0.34790 
   5  H     H     E    4   3   2     1.010   119.800     0.000   0.27470 
   6  CA    CT    M    4   3   2     1.449   121.900   180.000  -0.26370 
   7  HA    H1    E    6   4   3     1.090   109.500   300.000   0.15600 
   8  CB    CT    3    6   4   3     1.525   111.100    60.000  -0.00070 
   9  1HB   HC    E    8   6   4     1.090   109.500   300.000   0.03270 
  10  2HB   HC    E    8   6   4     1.090   109.500    60.000   0.03270 
  11  CG    CT    3    8   6   4     1.525   109.470   180.000   0.03900 
  12  1HG   HC    E   11   8   6     1.090   109.500   300.000   0.02850 
  13  2HG   HC    E   11   8   6     1.090   109.500    60.000   0.02850 
  14  CD    CT    3   11   8   6     1.525   109.470   180.000   0.04860 
  15  1HD   H1    E   14  11   8     1.090   109.500   300.000   0.06870 
  16  2HD   H1    E   14  11   8     1.090   109.500    60.000   0.06870 
  17  NE    N2    B   14  11   8     1.480   111.000   180.000  -0.52950 
  18  HE    H     E   17  14  11     1.010   118.500     0.000   0.34560 
  19  CZ    CA    B   17  14  11     1.330   123.000   180.000   0.80760 
  20  NH1   N2    B   19  17  14     1.330   122.000     0.000  -0.86270 
  21  1HH1  H     E   20  19  17     1.010   119.800     0.000   0.44780 
  22  2HH1  H     E   20  19  17     1.010   119.800   180.000   0.44780 
  23  NH2   N2    B   19  17  14     1.330   118.000   180.000  -0.86270 
  24  1HH2  H     E   23  19  17     1.010   119.800     0.000   0.44780 
  25  2HH2  H     E   23  19  17     1.010   119.800   180.000   0.44780 
  26  C     C     M    6   4   3     1.522   111.100   180.000   0.73410 
  27  O     O     E   26   6   4     1.229   120.500     0.000  -0.58940 
#HID  INT     1                                                  
   4  N     N     M    3   2   1     1.335   116.600   180.000  -0.41570 
   5  H     H     E    4   3   2     1.010   119.800     0.000   0.27190 
   6  CA    CT    M    4   3   2     1.449   121.900   180.000   0.01880 
   7  HA    H1    E    6   4   3     1.090   109.500   300.000   0.08810 
   8  CB    CT    3    6   4   3     1.525   111.100    60.000  -0.04620 
   9  HB2   HC    E    8   6   4     1.090   109.500   300.000   0.04020 
  10  HB3   HC    E    8   6   4     1.090   109.500    60.000   0.04020 
  11  CG    CC    S    8   6   4     1.510   115.000   180.000  -0.02660 
  12  ND1   NA    B   11   8   6     1.390   122.000   180.000  -0.38110 
  13  HD1   H     E   12  11   8     1.010   126.000     0.000   0.36490 
  14  CE1   CR    B   12  11   8     1.320   108.000   180.000   0.20570 
  15  HE1   H5    E   14  12  11     1.090   120.000   180.000   0.13920 
  16  NE2   NB    S   14  12  11     1.310   109.000     0.000  -0.57270 
  17  CD2   CV    S   16  14  12     1.360   110.000     0.000   0.12920 
  18  HD2   H4    E   17  16  14     1.090   120.000   180.000   0.11470 
  19  C     C     M    6   4   3     1.522   111.100   180.000   0.59730 
  20  O     O     E   19   6   4     1.229   120.500     0.000  -0.56790 
#HIS  INT     1                                                  
   4  N     N     M    3   2   1     1.335   116.600   180.000  -0.41570 
   5  H     H     E    4   3   2     1.010   119.800     0.000   0.27190 
   6  CA    CT    M    4   3   2     1.449   121.900   180.000  -0.05810 
   7  HA    H1    E    6   4   3     1.090   109.500   300.000   0.13600 
   8  CB    CT    3    6   4   3     1.525   111.100    60.000  -0.00740 
   9  1HB   HC    E    8   6   4     1.090   109.500   300.000   0.03670 
  10  2HB   HC    E    8   6   4     1.090   109.500    60.000   0.03670 
  11  CG    CC    S    8   6   4     1.510   115.000   180.000   0.18680 
  12  ND1   NB    S   11   8   6     1.390   122.000   180.000  -0.54320 
  13  CE1   CR    B   12  11   8     1.320   108.000   180.000   0.16350 
  14  HE1   H5    E   13  12  11     1.090   120.000   180.000   0.14350 
  15  NE2   NA    B   13  12  11     1.310   109.000     0.000  -0.27950 
  16  HE2   H     E   15  13  12     1.010   125.000   180.000   0.33390 
  17  CD2   CW    S   15  13  12     1.360   110.000     0.000  -0.22070 
  18  HD2   H4    E   17  15  13     1.090   120.000   180.000   0.18620 
  19  C     C     M    6   4   3     1.522   111.100   180.000   0.59730 
  20  O     O     E   19   6   4     1.229   120.500     0.000  -0.56790 
#HSD  INT     1
   4  N     N     M    3   2   1     1.335   116.600   180.000  -0.41570
   5  H     H     E    4   3   2     1.010   119.800     0.000   0.27190
   6  CA    CT    M    4   3   2     1.449   121.900   180.000  -0.05810
   7  HA    H1    E    6   4   3     1.090   109.500   300.000   0.13600
   8  CB    CT    3    6   4   3     1.525   111.100    60.000  -0.00740
   9  1HB   HC    E    8   6   4     1.090   109.500   300.000   0.03670
  10  2HB   HC    E    8   6   4     1.090   109.500    60.000   0.03670
  11  CG    CC    S    8   6   4     1.510   115.000   180.000   0.18680
  12  ND1   NB    S   11   8   6     1.390   122.000   180.000  -0.54320
  13  CE1   CR    B   12  11   8     1.320   108.000   180.000   0.16350
  14  HE1   H5    E   13  12  11     1.090   120.000   180.000   0.14350
  15  NE2   NA    B   13  12  11     1.310   109.000     0.000  -0.27950
  16  HE2   H     E   15  13  12     1.010   125.000   180.000   0.33390
  17  CD2   CW    S   15  13  12     1.360   110.000     0.000  -0.22070
  18  HD2   H4    E   17  15  13     1.090   120.000   180.000   0.18620
  19  C     C     M    6   4   3     1.522   111.100   180.000   0.59730
  20  O     O     E   19   6   4     1.229   120.500     0.000  -0.56790
#HIP  INT     1                                                  
   4  N     N     M    3   2   1     1.335   116.600   180.000  -0.34790 
   5  H     H     E    4   3   2     1.010   119.800     0.000   0.27470 
   6  CA    CT    M    4   3   2     1.449   121.900   180.000  -0.13540 
   7  HA    H1    E    6   4   3     1.090   109.500   300.000   0.12120 
   8  CB    CT    3    6   4   3     1.525   111.100    60.000  -0.04140 
   9  HB2   HC    E    8   6   4     1.090   109.500   300.000   0.08100 
  10  HB3   HC    E    8   6   4     1.090   109.500    60.000   0.08100 
  11  CG    CC    S    8   6   4     1.510   115.000   180.000  -0.00120 
  12  ND1   NA    B   11   8   6     1.390   122.000   180.000  -0.15130 
  13  HD1   H     E   12  11   8     1.010   126.000     0.000   0.38660 
  14  CE1   CR    B   12  11   8     1.320   108.000   180.000  -0.01700 
  15  HE1   H5    E   14  12  11     1.090   120.000   180.000   0.26810 
  16  NE2   NA    B   14  12  11     1.310   109.000     0.000  -0.17180 
  17  HE2   H     E   16  14  12     1.010   125.000   180.000   0.39110 
  18  CD2   CW    S   16  14  12     1.360   110.000     0.000  -0.11410 
  19  HD2   H4    E   18  16  14     1.090   120.000   180.000   0.23170 
  20  C     C     M    6   4   3     1.522   111.100   180.000   0.73410 
  21  O     O     E   20   6   4     1.229   120.500     0.000  -0.58940 
#TRP  INT     1                                                  
   4  N     N     M    3   2   1     1.335   116.600   180.000  -0.41570 
   5  H     H     E    4   3   2     1.010   119.800     0.000   0.27190 
   6  CA    CT    M    4   3   2     1.449   121.900   180.000  -0.02750 
   7  HA    H1    E    6   4   3     1.090   109.500   300.000   0.11230 
   8  CB    CT    3    6   4   3     1.525   111.100    60.000  -0.00500 
   9  1HB   HC    E    8   6   4     1.090   109.500   300.000   0.03390 
  10  2HB   HC    E    8   6   4     1.090   109.500    60.000   0.03390 
  11  CG    C*    S    8   6   4     1.510   115.000   180.000  -0.14150 
  12  CD1   CW    B   11   8   6     1.340   127.000   180.000  -0.16380 
  13  HD1   H4    E   12  11   8     1.090   120.000     0.000   0.20620 
  14  NE1   NA    B   12  11   8     1.430   107.000   180.000  -0.34180 
  15  HE1   H     E   14  12  11     1.010   125.500   180.000   0.34120 
  16  CE2   CN    S   14  12  11     1.310   109.000     0.000   0.13800 
  17  CZ2   CA    B   16  14  12     1.400   128.000   180.000  -0.26010 
  18  HZ2   HA    E   17  16  14     1.090   120.000     0.000   0.15720 
  19  CH2   CA    B   17  16  14     1.390   116.000   180.000  -0.11340 
  20  HH2   HA    E   19  17  16     1.090   120.000   180.000   0.14170 
  21  CZ3   CA    B   19  17  16     1.350   121.000     0.000  -0.19720 
  22  HZ3   HA    E   21  19  17     1.090   120.000   180.000   0.14470 
  23  CE3   CA    B   21  19  17     1.410   122.000     0.000  -0.23870 
  24  HE3   HA    E   23  21  19     1.090   120.000   180.000   0.17000 
  25  CD2   CB    E   23  21  19     1.400   117.000     0.000   0.12430 
  26  C     C     M    6   4   3     1.522   111.100   180.000   0.59730 
  27  O     O     E   26   6   4     1.229   120.500     0.000  -0.56790 
#PHE  INT     1                                                 
   4  N     N     M    3   2   1     1.335   116.600   180.000  -0.41570 
   5  H     H     E    4   3   2     1.010   119.800     0.000   0.27190 
   6  CA    CT    M    4   3   2     1.449   121.900   180.000  -0.00240 
   7  HA    H1    E    6   4   3     1.090   109.500   300.000   0.09780 
   8  CB    CT    3    6   4   3     1.525   111.100    60.000  -0.03430 
   9  1HB   HC    E    8   6   4     1.090   109.500   300.000   0.02950 
  10  2HB   HC    E    8   6   4     1.090   109.500    60.000   0.02950 
  11  CG    CA    S    8   6   4     1.510   115.000   180.000   0.01180 
  12  CD1   CA    B   11   8   6     1.400   120.000   180.000  -0.12560 
  13  HD1   HA    E   12  11   8     1.090   120.000     0.000   0.13300 
  14  CE1   CA    B   12  11   8     1.400   120.000   180.000  -0.17040 
  15  HE1   HA    E   14  12  11     1.090   120.000   180.000   0.14300 
  16  CZ    CA    B   14  12  11     1.400   120.000     0.000  -0.10720 
  17  HZ    HA    E   16  14  12     1.090   120.000   180.000   0.12970 
  18  CE2   CA    B   16  14  12     1.400   120.000     0.000  -0.17040 
  19  HE2   HA    E   18  16  14     1.090   120.000   180.000   0.14300 
  20  CD2   CA    S   18  16  14     1.400   120.000     0.000  -0.12560 
  21  HD2   HA    E   20  18  16     1.090   120.000   180.000   0.13300 
  22  C     C     M    6   4   3     1.522   111.100   180.000   0.59730 
  23  O     O     E   22   6   4     1.229   120.500     0.000  -0.56790 
#TYR  INT     1                                                  
   4  N     N     M    3   2   1     1.335   116.600   180.000  -0.41570 
   5  H     H     E    4   3   2     1.010   119.800     0.000   0.27190 
   6  CA    CT    M    4   3   2     1.449   121.900   180.000  -0.00140 
   7  HA    H1    E    6   4   3     1.090   109.500   300.000   0.08760 
   8  CB    CT    3    6   4   3     1.525   111.100    60.000  -0.01520 
   9  1HB   HC    E    8   6   4     1.090   109.500   300.000   0.02950 
  10  2HB   HC    E    8   6   4     1.090   109.500    60.000   0.02950 
  11  CG    CA    S    8   6   4     1.510   109.470   180.000  -0.00110 
  12  CD1   CA    B   11   8   6     1.400   120.000   180.000  -0.19060 
  13  HD1   HA    E   12  11   8     1.090   120.000     0.000   0.16990 
  14  CE1   CA    B   12  11   8     1.400   120.000   180.000  -0.23410 
  15  HE1   HA    E   14  12  11     1.090   120.000   180.000   0.16560 
  16  CZ    C     B   14  12  11     1.400   120.000     0.000   0.32260 
  17  OH    OH    S   16  14  12     1.360   120.000   180.000  -0.55790 
  18  HH    HO    E   17  16  14     0.960   113.000     0.000   0.39920 
  19  CE2   CA    B   16  14  12     1.400   120.000     0.000  -0.23410 
  20  HE2   HA    E   19  16  14     1.090   120.000   180.000   0.16560 
  21  CD2   CA    S   19  16  14     1.400   120.000     0.000  -0.19060 
  22  HD2   HA    E   21  19  16     1.090   120.000   180.000   0.16990 
  23  C     C     M    6   4   3     1.522   111.100   180.000   0.59730 
  24  O     O     E   23   6   4     1.229   120.500     0.000  -0.56790 
#GL-  INT     1                                                 
   4  N     N     M    3   2   1     1.335   116.600   180.000  -0.51630 
   5  H     H     E    4   3   2     1.010   119.800     0.000   0.29360 
   6  CA    CT    M    4   3   2     1.449   121.900   180.000   0.03970 
   7  HA    H1    E    6   4   3     1.090   109.500   300.000   0.11050 
   8  CB    CT    3    6   4   3     1.525   111.100    60.000   0.05600 
   9  HB2   HC    E    8   6   4     1.090   109.500   300.000  -0.01730 
  10  HB3   HC    E    8   6   4     1.090   109.500    60.000  -0.01730 
  11  CG    CT    3    8   6   4     1.510   109.470   180.000   0.01360 
  12  HG2   HC    E   11   8   6     1.090   109.500   300.000  -0.04250 
  13  HG3   HC    E   11   8   6     1.090   109.500    60.000  -0.04250 
  14  CD    C     B   11   8   6     1.527   109.470   180.000   0.80540 
  15  OE1   O2    E   14  11   8     1.260   117.200    90.000  -0.81880 
  16  OE2   O2    E   14  11   8     1.260   117.200   270.000  -0.81880 
  17  C     C     M    6   4   3     1.522   111.100   180.000   0.53660 
  18  O     O     E   17   6   4     1.229   120.500     0.000  -0.58190 
#AS-  INT     1                                                  
   4  N     N     M    3   2   1     1.335   116.600   180.000  -0.51630 
   5  H     H     E    4   3   2     1.010   119.800     0.000   0.29360 
   6  CA    CT    M    4   3   2     1.449   121.900   180.000   0.03810 
   7  HA    H1    E    6   4   3     1.090   109.500   300.000   0.08800 
   8  CB    CT    3    6   4   3     1.525   111.100    60.000  -0.03030 
   9  HB2   HC    E    8   6   4     1.090   109.500   300.000  -0.01220 
  10  HB3   HC    E    8   6   4     1.090   109.500    60.000  -0.01220 
  11  CG    C     B    8   6   4     1.527   109.470   180.000   0.79940 
  12  OD1   O2    E   11   8   6     1.260   117.200    90.000  -0.80140 
  13  OD2   O2    E   11   8   6     1.260   117.200   270.000  -0.80140 
  14  C     C     M    6   4   3     1.522   111.100   180.000   0.53660 
  15  O     O     E   14   6   4     1.229   120.500     0.000  -0.58190 
#LY-  INT     1                                                  
   4  N     N     M    3   2   1     1.335   116.600   180.000  -0.34790 
   5  H     H     E    4   3   2     1.010   119.800     0.000   0.27470 
   6  CA    CT    M    4   3   2     1.449   121.900   180.000  -0.24000 
   7  HA    H1    E    6   4   3     1.090   109.500   300.000   0.14260 
   8  CB    CT    3    6   4   3     1.525   111.100    60.000  -0.00940 
   9  HB2   HC    E    8   6   4     1.090   109.500   300.000   0.03620 
  10  HB3   HC    E    8   6   4     1.090   109.500    60.000   0.03620 
  11  CG    CT    3    8   6   4     1.525   109.470   180.000   0.01870 
  12  HG2   HC    E   11   8   6     1.090   109.500   300.000   0.01030 
  13  HG3   HC    E   11   8   6     1.090   109.500    60.000   0.01030 
  14  CD    CT    3   11   8   6     1.525   109.470   180.000  -0.04790 
  15  HD2   HC    E   14  11   8     1.090   109.500   300.000   0.06210 
  16  HD3   HC    E   14  11   8     1.090   109.500    60.000   0.06210 
  17  CE    CT    3   14  11   8     1.525   109.470   180.000  -0.01430 
  18  HE2   HP    E   17  14  11     1.090   109.500   300.000   0.11350 
  19  HE3   HP    E   17  14  11     1.090   109.500    60.000   0.11350 
  20  NZ    N3    3   17  14  11     1.470   109.470   180.000  -0.38540 
  21  HZ1   H     E   20  17  14     1.010   109.470    60.000   0.34000 
  22  HZ2   H     E   20  17  14     1.010   109.470   180.000   0.34000 
  23  HZ3   H     E   20  17  14     1.010   109.470   300.000   0.34000 
  24  C     C     M    6   4   3     1.522   111.100   180.000   0.73410 
  25  O     O     E   24   6   4     1.229   120.500     0.000  -0.58940 
#LYS  INT     1 
   4  N     N     M    3   2   1     1.335   116.600   180.000  -0.41570 
   5  H     H     E    4   3   2     1.010   119.800     0.000   0.27190 
   6  CA    CT    M    4   3   2     1.449   121.900   180.000  -0.07206 
   7  HA    H1    E    6   4   3     1.090   109.500   300.000   0.09940 
   8  CB    CT    3    6   4   3     1.525   111.100    60.000  -0.04845 
   9  1HB   HC    E    8   6   4     1.090   109.500   300.000   0.03400  
  10  2HB   HC    E    8   6   4     1.090   109.500    60.000   0.03400 
  11  CG    CT    3    8   6   4     1.525   109.470   180.000   0.06612 
  12  1HG   HC    E   11   8   6     1.090   109.500   300.000   0.01041 
  13  2HG   HC    E   11   8   6     1.090   109.500    60.000   0.01041 
  14  CD    CT    3   11   8   6     1.525   109.470   180.000  -0.03768 
  15  1HD   HC    E   14  11   8     1.090   109.500   300.000   0.01155 
  16  2HD   HC    E   14  11   8     1.090   109.500    60.000   0.01155 
  17  CE    CT    3   14  11   8     1.525   109.470   180.000   0.32604 
  18  1HE   HP    E   17  14  11     1.090   109.500   300.000  -0.03358 
  19  2HE   HP    E   17  14  11     1.090   109.500    60.000  -0.03358 
  20  NZ    N3    B   17  14  11     1.470   109.470   180.000  -1.03581 
  21  1HZ   H     E   20  17  14     1.010   109.470   180.000   0.38604 
  22  2HZ   H     E   20  17  14     1.010   109.470   300.000   0.38604 
  23  C     C     M    6   4   3     1.522   111.100   180.000   0.59730 
  24  O     O     E   24   6   4     1.229   120.500     0.000  -0.56790 
#PRO  INT     1                                                  
   4  N     N     M    3   2   1     1.337   117.000   180.000  -0.25480 
   5  CD    CT    3    4   3   2     1.458   126.100   356.100   0.01920 
   6  1HD   H1    E    5   4   3     1.090   109.500    80.000   0.03910 
   7  2HD   H1    E    5   4   3     1.090   109.500   320.000   0.03910 
   8  CG    CT    3    5   4   3     1.500   103.200   200.100   0.01890 
   9  1HG   HC    E    8   5   4     1.090   109.500   218.000   0.02130 
  10  2HG   HC    E    8   5   4     1.090   109.500    98.000   0.02130 
  11  CB    CT    B    8   5   4     1.510   106.000   338.300  -0.00700 
  12  1HB   HC    E   11   8   5     1.090   109.500   256.300   0.02530 
  13  2HB   HC    E   11   8   5     1.090   109.500   136.300   0.02530 
  14  CA    CT    M    4   3   2     1.451   120.600   175.200  -0.02660 
  15  HA    H1    E   14   4   3     1.090   109.500    60.000   0.06410 
  16  C     C     M   14   4   3     1.522   109.500   300.000   0.58960 
  17  O     O     E   16  14   4     1.229   120.500     0.000  -0.57480 
#HYP  INT     1                                                  
   4  N     N     M    3   2   1     1.337   117.000   180.000  -0.25480 
   5  CD    CT    3    4   3   2     1.458   126.100   356.100   0.01920 
   6  1HD   H1    E    5   4   3     1.090   109.500    80.000   0.03910 
   7  2HD   H1    E    5   4   3     1.090   109.500   320.000   0.03910 
   8  CG    CT    3    5   4   3     1.500   103.200   200.100   0.01890 
   9  1HG   HC    E    8   5   4     1.090   109.500   218.000   0.02130 
  10  OD1   OH    S    8   6   4     1.430   109.470   180.000  -0.67610
  11  HD1   HO    E   11   8   6     0.960   109.470   180.000   0.42750 
  12  CB    CT    B    8   5   4     1.510   106.000   338.300  -0.00700 
  13  1HB   HC    E   11   8   5     1.090   109.500   256.300   0.02530 
  14  2HB   HC    E   11   8   5     1.090   109.500   136.300   0.02530 
  15  CA    CT    M    4   3   2     1.451   120.600   175.200  -0.02660 
  16  HA    H1    E   14   4   3     1.090   109.500    60.000   0.06410 
  17  C     C     M   14   4   3     1.522   109.500   300.000   0.58960 
  18  O     O     E   16  14   4     1.229   120.500     0.000  -0.57480
#CYS  INT     1                                                  
   4  N     N     M    3   2   1     1.335   116.600   180.000  -0.41570 
   5  H     H     E    4   3   2     1.010   119.800     0.000   0.27190 
   6  CA    CT    M    4   3   2     1.449   121.900   180.000   0.02130 
   7  HA    H1    E    6   4   3     1.090   109.500   300.000   0.11240 
   8  CB    CT    3    6   4   3     1.525   111.100    60.000  -0.12310 
   9  1HB   H1    E    8   6   4     1.090   109.500   300.000   0.11120 
  10  2HB   H1    E    8   6   4     1.090   109.500    60.000   0.11120 
  11  SG    SH    S    8   6   4     1.810   116.000   180.000  -0.31190 
  12  HG    HS    E   11   8   6     1.330    96.000   180.000   0.19330 
  13  C     C     M    6   4   3     1.522   111.100   180.000   0.59730 
  14  O     O     E   13   6   4     1.229   120.500     0.000  -0.56790 
#CYM  INT     1 
   4  N     N     M    3   2   1     1.335   116.600   180.000  -0.46300 
   5  HN    H     E    4   3   2     1.010   119.800     0.000   0.25200 
   6  CA    CT    M    4   3   2     1.449   121.900   180.000   0.03500 
   7  HA    H1    E    6   4   3     1.090   109.500   300.000   0.04800 
   8  CB    CT    3    6   4   3     1.525   111.100    60.000  -0.73600 
   9  HB3   H1    E    8   6   4     1.090   109.500    60.000   0.24400 
  10  HB2   H1    E    8   6   4     1.090   109.500   300.000   0.24400 
  11  SG    SH    E    8   6   4     1.810   116.000   180.000  -0.73600 
  12  C     C     M    6   4   3     1.522   111.100   180.000   0.61600 
  13  O     O     E   12   6   4     1.229   120.500     0.000  -0.50400 
#CYX  INT     1                                                  
   4  N     N     M    3   2   1     1.335   116.600   180.000  -0.41570 
   5  H     H     E    4   3   2     1.010   119.800     0.000   0.27190 
   6  CA    CT    M    4   3   2     1.449   121.900   180.000   0.04290 
   7  HA    H1    E    6   4   3     1.090   109.500   300.000   0.07660 
   8  CB    CT    3    6   4   3     1.525   111.100    60.000  -0.07900 
   9  HB2   H1    E    8   6   4     1.090   109.500   300.000   0.09100 
  10  HB3   H1    E    8   6   4     1.090   109.500    60.000   0.09100 
  11  SG    S     E    8   6   4     1.810   116.000   180.000  -0.10810 
  12  C     C     M    6   4   3     1.522   111.100   180.000   0.59730 
  13  O     O     E   12   6   4     1.229   120.500     0.000  -0.56790 
#MET  INT     1                                                  
   4  N     N     M    3   2   1     1.335   116.600   180.000  -0.41570 
   5  H     H     E    4   3   2     1.010   119.800     0.000   0.27190 
   6  CA    CT    M    4   3   2     1.449   121.900   180.000  -0.02370 
   7  HA    H1    E    6   4   3     1.090   109.500   300.000   0.08800 
   8  CB    CT    3    6   4   3     1.525   111.100    60.000   0.03420 
   9  1HB   HC    E    8   6   4     1.090   109.500   300.000   0.02410 
  10  2HB   HC    E    8   6   4     1.090   109.500    60.000   0.02410 
  11  CG    CT    3    8   6   4     1.525   109.470   180.000   0.00180 
  12  1HG   H1    E   11   8   6     1.090   109.500   300.000   0.04400 
  13  2HG   H1    E   11   8   6     1.090   109.500    60.000   0.04400 
  14  SD    S     S   11   8   6     1.810   110.000   180.000  -0.27370 
  15  CE    CT    3   14  11   8     1.780   100.000   180.000  -0.05360 
  16  1HE   H1    E   15  14  11     1.090   109.500    60.000   0.06840 
  17  2HE   H1    E   15  14  11     1.090   109.500   180.000   0.06840 
  18  3HE   H1    E   15  14  11     1.090   109.500   300.000   0.06840 
  19  C     C     M    6   4   3     1.522   111.100   180.000   0.59730 
  20  O     O     E   19   6   4     1.229   120.500     0.000  -0.56790 
#ASP  INT     0 
   4  N     N     M    3   2   1     1.335   116.600   180.000  -0.41570 
   5  H     H     E    4   3   2     1.010   119.800     0.000   0.27190 
   6  CA    CT    M    4   3   2     1.449   121.900   180.000   0.03410 
   7  HA    H1    E    6   4   3     1.090   109.500   300.000   0.08640 
   8  CB    CT    3    6   4   3     1.525   111.100    60.000  -0.03160 
   9  1HB   HC    E    8   6   4     1.090   109.500   300.000   0.04880 
  10  2HB   HC    E    8   6   4     1.090   109.500    60.000   0.04880 
  11  CG    C     B    8   6   4     1.527   109.470   180.000   0.64620 
  12  OD1   O     E   11   8   6     1.260   117.200    90.000  -0.55540 
  13  OD2   OH    S   11   8   6     1.260   117.200   270.000  -0.63760 
  14  HD2   HO    E   13  11   8     0.96    109.5     180.0     0.47470 
  15  C     C     M    6   4   3     1.522   111.100   180.000   0.59730 
  16  O     O     E   15   6   4     1.229   120.500     0.000  -0.56790 
#ASH  INT     0 
   4  N     N     M    3   2   1     1.335   116.600   180.000  -0.41570 
   5  H     H     E    4   3   2     1.010   119.800     0.000   0.27190 
   6  CA    CT    M    4   3   2     1.449   121.900   180.000   0.03410 
   7  HA    H1    E    6   4   3     1.090   109.500   300.000   0.08640 
   8  CB    CT    3    6   4   3     1.525   111.100    60.000  -0.03160 
   9  1HB   HC    E    8   6   4     1.090   109.500   300.000   0.04880 
  10  2HB   HC    E    8   6   4     1.090   109.500    60.000   0.04880 
  11  CG    C     B    8   6   4     1.527   109.470   180.000   0.64620 
  12  OD1   O     E   11   8   6     1.260   117.200    90.000  -0.55540 
  13  OD2   OH    S   11   8   6     1.260   117.200   270.000  -0.63760 
  14  HD2   HO    E   13  11   8     0.96    109.5     180.0     0.47470 
  15  C     C     M    6   4   3     1.522   111.100   180.000   0.59730 
  16  O     O     E   15   6   4     1.229   120.500     0.000  -0.56790
#GLU  INT     0 
   4  N     N     M    3   2   1     1.335   116.600   180.000  -0.41570 
   5  H     H     E    4   3   2     1.010   119.800     0.000   0.27190 
   6  CA    CT    M    4   3   2     1.449   121.900   180.000   0.01450 
   7  HA    H1    E    6   4   3     1.090   109.500   300.000   0.07790 
   8  CB    CT    3    6   4   3     1.525   111.100    60.000  -0.00710 
   9  1HB   HC    E    8   6   4     1.090   109.500   300.000   0.02560 
  10  2HB   HC    E    8   6   4     1.090   109.500    60.000   0.02560 
  11  CG    CT    3    8   6   4     1.510   109.470   180.000  -0.01740 
  12  1HG   HC    E   11   8   6     1.090   109.500   300.000   0.04300 
  13  2HG   HC    E   11   8   6     1.090   109.500    60.000   0.04300 
  14  CD    C     B   11   8   6     1.527   109.470   180.000   0.68010 
  15  OE1   O     E   14  11   8     1.260   117.200    90.000  -0.58380 
  16  OE2   OH    S   14  11   8     1.260   117.200   270.000  -0.65110 
  17  HE2   HO    E   16  14  11     0.960   109.500   180.000   0.46410  
  18  C     C     M    6   4   3     1.522   111.100   180.000   0.59730 
  19  O     O     E   18   6   4     1.229   120.500     0.000  -0.56790
#GLH  INT     0 
   4  N     N     M    3   2   1     1.335   116.600   180.000  -0.41570 
   5  H     H     E    4   3   2     1.010   119.800     0.000   0.27190 
   6  CA    CT    M    4   3   2     1.449   121.900   180.000   0.01450 
   7  HA    H1    E    6   4   3     1.090   109.500   300.000   0.07790 
   8  CB    CT    3    6   4   3     1.525   111.100    60.000  -0.00710 
   9  1HB   HC    E    8   6   4     1.090   109.500   300.000   0.02560 
  10  2HB   HC    E    8   6   4     1.090   109.500    60.000   0.02560 
  11  CG    CT    3    8   6   4     1.510   109.470   180.000  -0.01740 
  12  1HG   HC    E   11   8   6     1.090   109.500   300.000   0.04300 
  13  2HG   HC    E   11   8   6     1.090   109.500    60.000   0.04300 
  14  CD    C     B   11   8   6     1.527   109.470   180.000   0.68010 
  15  OE1   O     E   14  11   8     1.260   117.200    90.000  -0.58380 
  16  OE2   OH    S   14  11   8     1.260   117.200   270.000  -0.65110 
  17  HE2   HO    E   16  14  11     0.960   109.500   180.000   0.46410  
  18  C     C     M    6   4   3     1.522   111.100   180.000   0.59730 
  19  O     O     E   18   6   4     1.229   120.500     0.000  -0.56790
#ALD  INT     1                                                 
   4  N     N     M    3   2   1     1.335   116.600   180.000 -0.41570 
   5  H     H     E    4   3   2     1.010   119.800     0.000  0.27190 
   6  CA    CT    M    4   3   2     1.449   121.900   180.000  0.03370 
   7  HA    H1    E    6   4   3     1.090   109.500   300.000  0.08230 
   8  CB    CT    3    6   4   3     1.525   111.100    60.000 -0.18250 
   9  1HB   HC    E    8   6   4     1.090   109.500    60.000  0.06030 
  10  2HB   HC    E    8   6   4     1.090   109.500   180.000  0.06030 
  11  3HB   HC    E    8   6   4     1.090   109.500   300.000  0.06030 
  12  C     C     M    6   4   3     1.522   111.100   180.000  0.59730 
  13  O     O     E   12   6   4     1.229   120.500     0.000 -0.56790 
#SED  INT     1                                                 
   4  N     N     M    3   2   1     1.335   116.600   180.000  -0.41570 
   5  H     H     E    4   3   2     1.010   119.800     0.000   0.27190 
   6  CA    CT    M    4   3   2     1.449   121.900   180.000  -0.02490 
   7  HA    H1    E    6   4   3     1.090   109.500   300.000   0.08430 
   8  CB    CT    3    6   4   3     1.525   111.100    60.000   0.21170 
   9  1HB   H1    E    8   6   4     1.090   109.500   300.000   0.03520 
  10  2HB   H1    E    8   6   4     1.090   109.500    60.000   0.03520 
  11  OG    OH    S    8   6   4     1.430   109.470   180.000  -0.65460 
  12  HG    HO    E   11   8   6     0.960   109.470   180.000   0.42750 
  13  C     C     M    6   4   3     1.522   111.100   180.000   0.59730 
  14  O     O     E   13   6   4     1.229   120.500     0.000  -0.56790 
#THD  INT     1                                                       
   4  N     N     M    3   2   1     1.335   116.600   180.000  -0.41570 
   5  H     H     E    4   3   2     1.010   119.800     0.000   0.27190 
   6  CA    CT    M    4   3   2     1.449   121.900   180.000  -0.03890 
   7  HA    H1    E    6   4   3     1.090   109.500   300.000   0.10070 
   8  CB    CT    3    6   4   3     1.525   111.100    60.000   0.36540 
   9  HB    H1    E    8   6   4     1.090   109.500   180.000   0.00430 
  10  CG2   CT    3    8   6   4     1.525   109.470   300.000  -0.24380 
  11  1HG2  HC    E   10   8   6     1.090   109.500    60.000   0.06420 
  12  2HG2  HC    E   10   8   6     1.090   109.500   180.000   0.06420 
  13  3HG2  HC    E   10   8   6     1.090   109.500   300.000   0.06420 
  14  OG1   OH    S    8   6   4     1.430   109.470    60.000  -0.67610 
  15  HG1   HO    E   14   8   6     0.960   109.470   180.000   0.41020 
  16  C     C     M    6   4   3     1.522   111.100   180.000   0.59730 
  17  O     O     E   16   6   4     1.229   120.500     0.000  -0.56790 
#LED  INT     1                                                 
   4  N     N     M    3   2   1     1.335   116.600   180.000  -0.41570 
   5  H     H     E    4   3   2     1.010   119.800     0.000   0.27190 
   6  CA    CT    M    4   3   2     1.449   121.900   180.000  -0.05180 
   7  HA    H1    E    6   4   3     1.090   109.500   300.000   0.09220 
   8  CB    CT    3    6   4   3     1.525   111.100    60.000  -0.11020 
   9  1HB   HC    E    8   6   4     1.090   109.500   300.000   0.04570 
  10  2HB   HC    E    8   6   4     1.090   109.500    60.000   0.04570 
  11  CG    CT    3    8   6   4     1.525   109.470   180.000   0.35310 
  12  HG    HC    E   11   8   6     1.090   109.500   300.000  -0.03610 
  13  CD1   CT    3   11   8   6     1.525   109.470    60.000  -0.41210 
  14  1HD1  HC    E   13  11   8     1.090   109.500    60.000   0.10000 
  15  2HD1  HC    E   13  11   8     1.090   109.500   180.000   0.10000 
  16  3HD1  HC    E   13  11   8     1.090   109.500   300.000   0.10000 
  17  CD2   CT    3   11   8   6     1.525   109.470   180.000  -0.41210 
  18  1HD2  HC    E   17  11   8     1.090   109.500    60.000   0.10000 
  19  2HD2  HC    E   17  11   8     1.090   109.500   180.000   0.10000 
  20  3HD2  HC    E   17  11   8     1.090   109.500   300.000   0.10000 
  21  C     C     M    6   4   3     1.522   111.100   180.000   0.59730 
  22  O     O     E   21   6   4     1.229   120.500     0.000  -0.56790 
#ILD  INT     1                                                  
   4  N     N     M    3   2   1     1.335   116.600   180.000  -0.41570 
   5  H     H     E    4   3   2     1.010   119.800     0.000   0.27190 
   6  CA    CT    M    4   3   2     1.449   121.900   180.000  -0.05970 
   7  HA    H1    E    6   4   3     1.090   109.500   300.000   0.08690 
   8  CB    CT    3    6   4   3     1.525   109.470    60.000   0.13030 
   9  HB    HC    E    8   6   4     1.090   109.500   300.000   0.01870 
  10  CG2   CT    3    8   6   4     1.525   109.470    60.000  -0.32040 
  11  1HG2  HC    E   10   8   6     1.090   109.500    60.000   0.08820 
  12  2HG2  HC    E   10   8   6     1.090   109.500   180.000   0.08820 
  13  3HG2  HC    E   10   8   6     1.090   109.500   300.000   0.08820 
  14  CG1   CT    3    8   6   4     1.525   109.470   180.000  -0.04300 
  15  1HG1  HC    E   14   8   6     1.090   109.500   300.000   0.02360 
  16  2HG1  HC    E   14   8   6     1.090   109.500    60.000   0.02360 
  17  CD1   CT    3   14   8   6     1.525   109.470   180.000  -0.06600 
  18  1HD1  HC    E   17  14   8     1.090   109.500    60.000   0.01860 
  19  2HD1  HC    E   17  14   8     1.090   109.500   180.000   0.01860 
  20  3HD1  HC    E   17  14   8     1.090   109.500   300.000   0.01860 
  21  C     C     M    6   4   3     1.522   111.100   180.000   0.59730 
  22  O     O     E   21   6   4     1.229   120.500     0.000  -0.56790 
#VAD  INT     1                                                  
   4  N     N     M    3   2   1     1.335   116.600   180.000  -0.41570 
   5  H     H     E    4   3   2     1.010   119.800     0.000   0.27190 
   6  CA    CT    M    4   3   2     1.449   121.900   180.000  -0.08750 
   7  HA    H1    E    6   4   3     1.090   109.500   300.000   0.09690 
   8  CB    CT    3    6   4   3     1.525   111.100    60.000   0.29850 
   9  HB    HC    E    8   6   4     1.090   109.500   300.000  -0.02970 
  10  CG1   CT    3    8   6   4     1.525   109.470    60.000  -0.31920 
  11  1HG1  HC    E   10   8   6     1.090   109.500    60.000   0.07910 
  12  2HG1  HC    E   10   8   6     1.090   109.500   180.000   0.07910 
  13  3HG1  HC    E   10   8   6     1.090   109.500   300.000   0.07910 
  14  CG2   CT    3    8   6   4     1.525   109.470   180.000  -0.31920 
  15  1HG2  HC    E   14   8   6     1.090   109.500    60.000   0.07910 
  16  2HG2  HC    E   14   8   6     1.090   109.500   180.000   0.07910 
  17  3HG2  HC    E   14   8   6     1.090   109.500   300.000   0.07910 
  18  C     C     M    6   4   3     1.522   111.100   180.000   0.59730 
  19  O     O     E   18   6   4     1.229   120.500     0.000  -0.56790 
#AND  INT     1                                                  
   4  N     N     M    3   2   1     1.335   116.600   180.000  -0.41570 
   5  H     H     E    4   3   2     1.010   119.800     0.000   0.27190 
   6  CA    CT    M    4   3   2     1.449   121.900   180.000   0.01430 
   7  HA    H1    E    6   4   3     1.090   109.500   300.000   0.10480 
   8  CB    CT    3    6   4   3     1.525   111.100    60.000  -0.20410 
   9  1HB   HC    E    8   6   4     1.090   109.500   300.000   0.07970 
  10  2HB   HC    E    8   6   4     1.090   109.500    60.000   0.07970 
  11  CG    C     B    8   6   4     1.522   111.100   180.000   0.71300 
  12  OD1   O     E   11   8   6     1.229   120.500     0.000  -0.59310 
  13  ND2   N     B   11   8   6     1.335   116.600   180.000  -0.91910 
  14  1HD2  H     E   13  11   8     1.010   119.800   180.000   0.41960 
  15  2HD2  H     E   13  11   8     1.010   119.800     0.000   0.41960 
  16  C     C     M    6   4   3     1.522   111.100   180.000   0.59730 
  17  O     O     E   16   6   4     1.229   120.500     0.000  -0.56790 
#GND  INT     1                                                  
   4  N     N     M    3   2   1     1.335   116.600   180.000  -0.41570 
   5  H     H     E    4   3   2     1.010   119.800     0.000   0.27190 
   6  CA    CT    M    4   3   2     1.449   121.900   180.000  -0.00310 
   7  HA    H1    E    6   4   3     1.090   109.500   300.000   0.08500 
   8  CB    CT    3    6   4   3     1.525   111.100    60.000  -0.00360 
   9  1HB   HC    E    8   6   4     1.090   109.500   300.000   0.01710 
  10  2HB   HC    E    8   6   4     1.090   109.500    60.000   0.01710 
  11  CG    CT    3    8   6   4     1.525   109.470   180.000  -0.06450 
  12  1HG   HC    E   11   8   6     1.090   109.500   300.000   0.03520 
  13  2HG   HC    E   11   8   6     1.090   109.500    60.000   0.03520 
  14  CD    C     B   11   8   6     1.522   111.100   180.000   0.69510 
  15  OE1   O     E   14  11   8     1.229   120.500     0.000  -0.60860 
  16  NE2   N     B   14  11   8     1.335   116.600   180.000  -0.94070 
  17  1HE2  H     E   16  14  11     1.010   119.800   180.000   0.42510 
  18  2HE2  H     E   16  14  11     1.010   119.800     0.000   0.42510 
  19  C     C     M    6   4   3     1.522   111.100   180.000   0.59730 
  20  O     O     E   19   6   4     1.229   120.500     0.000  -0.56790 
#ARD  INT     1                                                 
   4  N     N     M    3   2   1     1.335   116.600   180.000  -0.34790 
   5  H     H     E    4   3   2     1.010   119.800     0.000   0.27470 
   6  CA    CT    M    4   3   2     1.449   121.900   180.000  -0.26370 
   7  HA    H1    E    6   4   3     1.090   109.500   300.000   0.15600 
   8  CB    CT    3    6   4   3     1.525   111.100    60.000  -0.00070 
   9  1HB   HC    E    8   6   4     1.090   109.500   300.000   0.03270 
  10  2HB   HC    E    8   6   4     1.090   109.500    60.000   0.03270 
  11  CG    CT    3    8   6   4     1.525   109.470   180.000   0.03900 
  12  1HG   HC    E   11   8   6     1.090   109.500   300.000   0.02850 
  13  2HG   HC    E   11   8   6     1.090   109.500    60.000   0.02850 
  14  CD    CT    3   11   8   6     1.525   109.470   180.000   0.04860 
  15  1HD   H1    E   14  11   8     1.090   109.500   300.000   0.06870 
  16  2HD   H1    E   14  11   8     1.090   109.500    60.000   0.06870 
  17  NE    N2    B   14  11   8     1.480   111.000   180.000  -0.52950 
  18  HE    H     E   17  14  11     1.010   118.500     0.000   0.34560 
  19  CZ    CA    B   17  14  11     1.330   123.000   180.000   0.80760 
  20  NH1   N2    B   19  17  14     1.330   122.000     0.000  -0.86270 
  21  1HH1  H     E   20  19  17     1.010   119.800     0.000   0.44780 
  22  2HH1  H     E   20  19  17     1.010   119.800   180.000   0.44780 
  23  NH2   N2    B   19  17  14     1.330   118.000   180.000  -0.86270 
  24  1HH2  H     E   23  19  17     1.010   119.800     0.000   0.44780 
  25  2HH2  H     E   23  19  17     1.010   119.800   180.000   0.44780 
  26  C     C     M    6   4   3     1.522   111.100   180.000   0.73410 
  27  O     O     E   26   6   4     1.229   120.500     0.000  -0.58940 
#HIP  INT     1                                                  
   4  N     N     M    3   2   1     1.335   116.600   180.000  -0.34790 
   5  H     H     E    4   3   2     1.010   119.800     0.000   0.27470 
   6  CA    CT    M    4   3   2     1.449   121.900   180.000  -0.13540 
   7  HA    H1    E    6   4   3     1.090   109.500   300.000   0.12120 
   8  CB    CT    3    6   4   3     1.525   111.100    60.000  -0.04140 
   9  HB2   HC    E    8   6   4     1.090   109.500   300.000   0.08100 
  10  HB3   HC    E    8   6   4     1.090   109.500    60.000   0.08100 
  11  CG    CC    S    8   6   4     1.510   115.000   180.000  -0.00120 
  12  ND1   NA    B   11   8   6     1.390   122.000   180.000  -0.15130 
  13  HD1   H     E   12  11   8     1.010   126.000     0.000   0.38660 
  14  CE1   CR    B   12  11   8     1.320   108.000   180.000  -0.01700 
  15  HE1   H5    E   14  12  11     1.090   120.000   180.000   0.26810 
  16  NE2   NA    B   14  12  11     1.310   109.000     0.000  -0.17180 
  17  HE2   H     E   16  14  12     1.010   125.000   180.000   0.39110 
  18  CD2   CW    S   16  14  12     1.360   110.000     0.000  -0.11410 
  19  HD2   H4    E   18  16  14     1.090   120.000   180.000   0.23170 
  20  C     C     M    6   4   3     1.522   111.100   180.000   0.73410 
  21  O     O     E   20   6   4     1.229   120.500     0.000  -0.58940 
#TRD  INT     1                                                  
   4  N     N     M    3   2   1     1.335   116.600   180.000  -0.41570 
   5  H     H     E    4   3   2     1.010   119.800     0.000   0.27190 
   6  CA    CT    M    4   3   2     1.449   121.900   180.000  -0.02750 
   7  HA    H1    E    6   4   3     1.090   109.500   300.000   0.11230 
   8  CB    CT    3    6   4   3     1.525   111.100    60.000  -0.00500 
   9  1HB   HC    E    8   6   4     1.090   109.500   300.000   0.03390 
  10  2HB   HC    E    8   6   4     1.090   109.500    60.000   0.03390 
  11  CG    C*    S    8   6   4     1.510   115.000   180.000  -0.14150 
  12  CD1   CW    B   11   8   6     1.340   127.000   180.000  -0.16380 
  13  HD1   H4    E   12  11   8     1.090   120.000     0.000   0.20620 
  14  NE1   NA    B   12  11   8     1.430   107.000   180.000  -0.34180 
  15  HE1   H     E   14  12  11     1.010   125.500   180.000   0.34120 
  16  CE2   CN    S   14  12  11     1.310   109.000     0.000   0.13800 
  17  CZ2   CA    B   16  14  12     1.400   128.000   180.000  -0.26010 
  18  HZ2   HA    E   17  16  14     1.090   120.000     0.000   0.15720 
  19  CH2   CA    B   17  16  14     1.390   116.000   180.000  -0.11340 
  20  HH2   HA    E   19  17  16     1.090   120.000   180.000   0.14170 
  21  CZ3   CA    B   19  17  16     1.350   121.000     0.000  -0.19720 
  22  HZ3   HA    E   21  19  17     1.090   120.000   180.000   0.14470 
  23  CE3   CA    B   21  19  17     1.410   122.000     0.000  -0.23870 
  24  HE3   HA    E   23  21  19     1.090   120.000   180.000   0.17000 
  25  CD2   CB    E   23  21  19     1.400   117.000     0.000   0.12430 
  26  C     C     M    6   4   3     1.522   111.100   180.000   0.59730 
  27  O     O     E   26   6   4     1.229   120.500     0.000  -0.56790 
#PHD  INT     1                                                 
   4  N     N     M    3   2   1     1.335   116.600   180.000  -0.41570 
   5  H     H     E    4   3   2     1.010   119.800     0.000   0.27190 
   6  CA    CT    M    4   3   2     1.449   121.900   180.000  -0.00240 
   7  HA    H1    E    6   4   3     1.090   109.500   300.000   0.09780 
   8  CB    CT    3    6   4   3     1.525   111.100    60.000  -0.03430 
   9  1HB   HC    E    8   6   4     1.090   109.500   300.000   0.02950 
  10  2HB   HC    E    8   6   4     1.090   109.500    60.000   0.02950 
  11  CG    CA    S    8   6   4     1.510   115.000   180.000   0.01180 
  12  CD1   CA    B   11   8   6     1.400   120.000   180.000  -0.12560 
  13  HD1   HA    E   12  11   8     1.090   120.000     0.000   0.13300 
  14  CE1   CA    B   12  11   8     1.400   120.000   180.000  -0.17040 
  15  HE1   HA    E   14  12  11     1.090   120.000   180.000   0.14300 
  16  CZ    CA    B   14  12  11     1.400   120.000     0.000  -0.10720 
  17  HZ    HA    E   16  14  12     1.090   120.000   180.000   0.12970 
  18  CE2   CA    B   16  14  12     1.400   120.000     0.000  -0.17040 
  19  HE2   HA    E   18  16  14     1.090   120.000   180.000   0.14300 
  20  CD2   CA    S   18  16  14     1.400   120.000     0.000  -0.12560 
  21  HD2   HA    E   20  18  16     1.090   120.000   180.000   0.13300 
  22  C     C     M    6   4   3     1.522   111.100   180.000   0.59730 
  23  O     O     E   22   6   4     1.229   120.500     0.000  -0.56790 
#TYD  INT     1                                                  
   4  N     N     M    3   2   1     1.335   116.600   180.000  -0.41570 
   5  H     H     E    4   3   2     1.010   119.800     0.000   0.27190 
   6  CA    CT    M    4   3   2     1.449   121.900   180.000  -0.00140 
   7  HA    H1    E    6   4   3     1.090   109.500   300.000   0.08760 
   8  CB    CT    3    6   4   3     1.525   111.100    60.000  -0.01520 
   9  1HB   HC    E    8   6   4     1.090   109.500   300.000   0.02950 
  10  2HB   HC    E    8   6   4     1.090   109.500    60.000   0.02950 
  11  CG    CA    S    8   6   4     1.510   109.470   180.000  -0.00110 
  12  CD1   CA    B   11   8   6     1.400   120.000   180.000  -0.19060 
  13  HD1   HA    E   12  11   8     1.090   120.000     0.000   0.16990 
  14  CE1   CA    B   12  11   8     1.400   120.000   180.000  -0.23410 
  15  HE1   HA    E   14  12  11     1.090   120.000   180.000   0.16560 
  16  CZ    C     B   14  12  11     1.400   120.000     0.000   0.32260 
  17  OH    OH    S   16  14  12     1.360   120.000   180.000  -0.55790 
  18  HH    HO    E   17  16  14     0.960   113.000     0.000   0.39920 
  19  CE2   CA    B   16  14  12     1.400   120.000     0.000  -0.23410 
  20  HE2   HA    E   19  16  14     1.090   120.000   180.000   0.16560 
  21  CD2   CA    S   19  16  14     1.400   120.000     0.000  -0.19060 
  22  HD2   HA    E   21  19  16     1.090   120.000   180.000   0.16990 
  23  C     C     M    6   4   3     1.522   111.100   180.000   0.59730 
  24  O     O     E   23   6   4     1.229   120.500     0.000  -0.56790 
#GL-  INT     1                                                 
   4  N     N     M    3   2   1     1.335   116.600   180.000  -0.51630 
   5  H     H     E    4   3   2     1.010   119.800     0.000   0.29360 
   6  CA    CT    M    4   3   2     1.449   121.900   180.000   0.03970 
   7  HA    H1    E    6   4   3     1.090   109.500   300.000   0.11050 
   8  CB    CT    3    6   4   3     1.525   111.100    60.000   0.05600 
   9  HB2   HC    E    8   6   4     1.090   109.500   300.000  -0.01730 
  10  HB3   HC    E    8   6   4     1.090   109.500    60.000  -0.01730 
  11  CG    CT    3    8   6   4     1.510   109.470   180.000   0.01360 
  12  HG2   HC    E   11   8   6     1.090   109.500   300.000  -0.04250 
  13  HG3   HC    E   11   8   6     1.090   109.500    60.000  -0.04250 
  14  CD    C     B   11   8   6     1.527   109.470   180.000   0.80540 
  15  OE1   O2    E   14  11   8     1.260   117.200    90.000  -0.81880 
  16  OE2   O2    E   14  11   8     1.260   117.200   270.000  -0.81880 
  17  C     C     M    6   4   3     1.522   111.100   180.000   0.53660 
  18  O     O     E   17   6   4     1.229   120.500     0.000  -0.58190 
#AS-  INT     1                                                  
   4  N     N     M    3   2   1     1.335   116.600   180.000  -0.51630 
   5  H     H     E    4   3   2     1.010   119.800     0.000   0.29360 
   6  CA    CT    M    4   3   2     1.449   121.900   180.000   0.03810 
   7  HA    H1    E    6   4   3     1.090   109.500   300.000   0.08800 
   8  CB    CT    3    6   4   3     1.525   111.100    60.000  -0.03030 
   9  HB2   HC    E    8   6   4     1.090   109.500   300.000  -0.01220 
  10  HB3   HC    E    8   6   4     1.090   109.500    60.000  -0.01220 
  11  CG    C     B    8   6   4     1.527   109.470   180.000   0.79940 
  12  OD1   O2    E   11   8   6     1.260   117.200    90.000  -0.80140 
  13  OD2   O2    E   11   8   6     1.260   117.200   270.000  -0.80140 
  14  C     C     M    6   4   3     1.522   111.100   180.000   0.53660 
  15  O     O     E   14   6   4     1.229   120.500     0.000  -0.58190 
#LY-  INT     1                                                  
   4  N     N     M    3   2   1     1.335   116.600   180.000  -0.34790 
   5  H     H     E    4   3   2     1.010   119.800     0.000   0.27470 
   6  CA    CT    M    4   3   2     1.449   121.900   180.000  -0.24000 
   7  HA    H1    E    6   4   3     1.090   109.500   300.000   0.14260 
   8  CB    CT    3    6   4   3     1.525   111.100    60.000  -0.00940 
   9  HB2   HC    E    8   6   4     1.090   109.500   300.000   0.03620 
  10  HB3   HC    E    8   6   4     1.090   109.500    60.000   0.03620 
  11  CG    CT    3    8   6   4     1.525   109.470   180.000   0.01870 
  12  HG2   HC    E   11   8   6     1.090   109.500   300.000   0.01030 
  13  HG3   HC    E   11   8   6     1.090   109.500    60.000   0.01030 
  14  CD    CT    3   11   8   6     1.525   109.470   180.000  -0.04790 
  15  HD2   HC    E   14  11   8     1.090   109.500   300.000   0.06210 
  16  HD3   HC    E   14  11   8     1.090   109.500    60.000   0.06210 
  17  CE    CT    3   14  11   8     1.525   109.470   180.000  -0.01430 
  18  HE2   HP    E   17  14  11     1.090   109.500   300.000   0.11350 
  19  HE3   HP    E   17  14  11     1.090   109.500    60.000   0.11350 
  20  NZ    N3    3   17  14  11     1.470   109.470   180.000  -0.38540 
  21  HZ1   H     E   20  17  14     1.010   109.470    60.000   0.34000 
  22  HZ2   H     E   20  17  14     1.010   109.470   180.000   0.34000 
  23  HZ3   H     E   20  17  14     1.010   109.470   300.000   0.34000 
  24  C     C     M    6   4   3     1.522   111.100   180.000   0.73410 
  25  O     O     E   24   6   4     1.229   120.500     0.000  -0.58940 
#LYD  INT     1 
   4  N     N     M    3   2   1     1.335   116.600   180.000  -0.41570 
   5  H     H     E    4   3   2     1.010   119.800     0.000   0.27190 
   6  CA    CT    M    4   3   2     1.449   121.900   180.000  -0.07206 
   7  HA    H1    E    6   4   3     1.090   109.500   300.000   0.09940 
   8  CB    CT    3    6   4   3     1.525   111.100    60.000  -0.04845 
   9  1HB   HC    E    8   6   4     1.090   109.500   300.000   0.03400  
  10  2HB   HC    E    8   6   4     1.090   109.500    60.000   0.03400 
  11  CG    CT    3    8   6   4     1.525   109.470   180.000   0.06612 
  12  1HG   HC    E   11   8   6     1.090   109.500   300.000   0.01041 
  13  2HG   HC    E   11   8   6     1.090   109.500    60.000   0.01041 
  14  CD    CT    3   11   8   6     1.525   109.470   180.000  -0.03768 
  15  1HD   HC    E   14  11   8     1.090   109.500   300.000   0.01155 
  16  2HD   HC    E   14  11   8     1.090   109.500    60.000   0.01155 
  17  CE    CT    3   14  11   8     1.525   109.470   180.000   0.32604 
  18  1HE   HP    E   17  14  11     1.090   109.500   300.000  -0.03358 
  19  2HE   HP    E   17  14  11     1.090   109.500    60.000  -0.03358 
  20  NZ    N3    B   17  14  11     1.470   109.470   180.000  -1.03581 
  21  1HZ   H     E   20  17  14     1.010   109.470   180.000   0.38604 
  22  2HZ   H     E   20  17  14     1.010   109.470   300.000   0.38604 
  23  C     C     M    6   4   3     1.522   111.100   180.000   0.59730 
  24  O     O     E   24   6   4     1.229   120.500     0.000  -0.56790 
#PRD  INT     1                                                  
   4  N     N     M    3   2   1     1.337   117.000   180.000  -0.25480 
   5  CD    CT    3    4   3   2     1.458   126.100   356.100   0.01920 
   6  1HD   H1    E    5   4   3     1.090   109.500    80.000   0.03910 
   7  2HD   H1    E    5   4   3     1.090   109.500   320.000   0.03910 
   8  CG    CT    3    5   4   3     1.500   103.200   200.100   0.01890 
   9  1HG   HC    E    8   5   4     1.090   109.500   218.000   0.02130 
  10  2HG   HC    E    8   5   4     1.090   109.500    98.000   0.02130 
  11  CB    CT    B    8   5   4     1.510   106.000   338.300  -0.00700 
  12  1HB   HC    E   11   8   5     1.090   109.500   256.300   0.02530 
  13  2HB   HC    E   11   8   5     1.090   109.500   136.300   0.02530 
  14  CA    CT    M    4   3   2     1.451   120.600   175.200  -0.02660 
  15  HA    H1    E   14   4   3     1.090   109.500    60.000   0.06410 
  16  C     C     M   14   4   3     1.522   109.500   300.000   0.58960 
  17  O     O     E   16  14   4     1.229   120.500     0.000  -0.57480 
#HYD  INT     1                                                  
   4  N     N     M    3   2   1     1.337   117.000   180.000  -0.25480 
   5  CD    CT    3    4   3   2     1.458   126.100   356.100   0.01920 
   6  1HD   H1    E    5   4   3     1.090   109.500    80.000   0.03910 
   7  OD1   OH    S    8   6   4     1.090   109.500   320.000  -0.65460 
   8  CG    CT    3    5   4   3     1.500   103.200   200.100   0.01890 
   9  1HG   HC    E    8   5   4     1.090   109.500   218.000   0.02130 
  10  2HG   HC    E    8   5   4     1.090   109.500    98.000   0.02130 
  11  CB    CT    B    8   5   4     1.510   106.000   338.300  -0.00700 
  12  1HB   HC    E   11   8   5     1.090   109.500   256.300   0.02530 
  13  2HB   HC    E   11   8   5     1.090   109.500   136.300   0.02530 
  14  CA    CT    M    4   3   2     1.451   120.600   175.200  -0.02660 
  15  HA    H1    E   14   4   3     1.090   109.500    60.000   0.06410 
  16  C     C     M   14   4   3     1.522   109.500   300.000   0.58960 
  17  O     O     E   16  14   4     1.229   120.500     0.000  -0.57480 
#CYD  INT     1                                                  
   4  N     N     M    3   2   1     1.335   116.600   180.000  -0.41570 
   5  H     H     E    4   3   2     1.010   119.800     0.000   0.27190 
   6  CA    CT    M    4   3   2     1.449   121.900   180.000   0.02130 
   7  HA    H1    E    6   4   3     1.090   109.500   300.000   0.11240 
   8  CB    CT    3    6   4   3     1.525   111.100    60.000  -0.12310 
   9  1HB   H1    E    8   6   4     1.090   109.500   300.000   0.11120 
  10  2HB   H1    E    8   6   4     1.090   109.500    60.000   0.11120 
  11  SG    SH    S    8   6   4     1.810   116.000   180.000  -0.31190 
  12  HG    HS    E   11   8   6     1.330    96.000   180.000   0.19330 
  13  C     C     M    6   4   3     1.522   111.100   180.000   0.59730 
  14  O     O     E   13   6   4     1.229   120.500     0.000  -0.56790 
#CYM  INT     1 
   4  N     N     M    3   2   1     1.335   116.600   180.000  -0.46300 
   5  HN    H     E    4   3   2     1.010   119.800     0.000   0.25200 
   6  CA    CT    M    4   3   2     1.449   121.900   180.000   0.03500 
   7  HA    H1    E    6   4   3     1.090   109.500   300.000   0.04800 
   8  CB    CT    3    6   4   3     1.525   111.100    60.000  -0.73600 
   9  HB3   H1    E    8   6   4     1.090   109.500    60.000   0.24400 
  10  HB2   H1    E    8   6   4     1.090   109.500   300.000   0.24400 
  11  SG    SH    E    8   6   4     1.810   116.000   180.000  -0.73600 
  12  C     C     M    6   4   3     1.522   111.100   180.000   0.61600 
  13  O     O     E   12   6   4     1.229   120.500     0.000  -0.50400 
#CYX  INT     1                                                  
   4  N     N     M    3   2   1     1.335   116.600   180.000  -0.41570 
   5  H     H     E    4   3   2     1.010   119.800     0.000   0.27190 
   6  CA    CT    M    4   3   2     1.449   121.900   180.000   0.04290 
   7  HA    H1    E    6   4   3     1.090   109.500   300.000   0.07660 
   8  CB    CT    3    6   4   3     1.525   111.100    60.000  -0.07900 
   9  HB2   H1    E    8   6   4     1.090   109.500   300.000   0.09100 
  10  HB3   H1    E    8   6   4     1.090   109.500    60.000   0.09100 
  11  SG    S     E    8   6   4     1.810   116.000   180.000  -0.10810 
  12  C     C     M    6   4   3     1.522   111.100   180.000   0.59730 
  13  O     O     E   12   6   4     1.229   120.500     0.000  -0.56790 
#MED  INT     1                                                  
   4  N     N     M    3   2   1     1.335   116.600   180.000  -0.41570 
   5  H     H     E    4   3   2     1.010   119.800     0.000   0.27190 
   6  CA    CT    M    4   3   2     1.449   121.900   180.000  -0.02370 
   7  HA    H1    E    6   4   3     1.090   109.500   300.000   0.08800 
   8  CB    CT    3    6   4   3     1.525   111.100    60.000   0.03420 
   9  1HB   HC    E    8   6   4     1.090   109.500   300.000   0.02410 
  10  2HB   HC    E    8   6   4     1.090   109.500    60.000   0.02410 
  11  CG    CT    3    8   6   4     1.525   109.470   180.000   0.00180 
  12  1HG   H1    E   11   8   6     1.090   109.500   300.000   0.04400 
  13  2HG   H1    E   11   8   6     1.090   109.500    60.000   0.04400 
  14  SD    S     S   11   8   6     1.810   110.000   180.000  -0.27370 
  15  CE    CT    3   14  11   8     1.780   100.000   180.000  -0.05360 
  16  1HE   H1    E   15  14  11     1.090   109.500    60.000   0.06840 
  17  2HE   H1    E   15  14  11     1.090   109.500   180.000   0.06840 
  18  3HE   H1    E   15  14  11     1.090   109.500   300.000   0.06840 
  19  C     C     M    6   4   3     1.522   111.100   180.000   0.59730 
  20  O     O     E   19   6   4     1.229   120.500     0.000  -0.56790 
#APD  INT     0 
   4  N     N     M    3   2   1     1.335   116.600   180.000  -0.41570 
   5  H     H     E    4   3   2     1.010   119.800     0.000   0.27190 
   6  CA    CT    M    4   3   2     1.449   121.900   180.000   0.03410 
   7  HA    H1    E    6   4   3     1.090   109.500   300.000   0.08640 
   8  CB    CT    3    6   4   3     1.525   111.100    60.000  -0.03160 
   9  1HB   HC    E    8   6   4     1.090   109.500   300.000   0.04880 
  10  2HB   HC    E    8   6   4     1.090   109.500    60.000   0.04880 
  11  CG    C     B    8   6   4     1.527   109.470   180.000   0.64620 
  12  OD1   O     E   11   8   6     1.260   117.200    90.000  -0.55540 
  13  OD2   OH    S   11   8   6     1.260   117.200   270.000  -0.63760 
  14  HD2   HO    E   13  11   8     0.96    109.5     180.0     0.47470 
  15  C     C     M    6   4   3     1.522   111.100   180.000   0.59730 
  16  O     O     E   15   6   4     1.229   120.500     0.000  -0.56790 
#AHD  INT     0 
   4  N     N     M    3   2   1     1.335   116.600   180.000  -0.41570 
   5  H     H     E    4   3   2     1.010   119.800     0.000   0.27190 
   6  CA    CT    M    4   3   2     1.449   121.900   180.000   0.03410 
   7  HA    H1    E    6   4   3     1.090   109.500   300.000   0.08640 
   8  CB    CT    3    6   4   3     1.525   111.100    60.000  -0.03160 
   9  1HB   HC    E    8   6   4     1.090   109.500   300.000   0.04880 
  10  2HB   HC    E    8   6   4     1.090   109.500    60.000   0.04880 
  11  CG    C     B    8   6   4     1.527   109.470   180.000   0.64620 
  12  OD1   O     E   11   8   6     1.260   117.200    90.000  -0.55540 
  13  OD2   OH    S   11   8   6     1.260   117.200   270.000  -0.63760 
  14  HD2   HO    E   13  11   8     0.96    109.5     180.0     0.47470 
  15  C     C     M    6   4   3     1.522   111.100   180.000   0.59730 
  16  O     O     E   15   6   4     1.229   120.500     0.000  -0.56790
#GUD  INT     0 
   4  N     N     M    3   2   1     1.335   116.600   180.000  -0.41570 
   5  H     H     E    4   3   2     1.010   119.800     0.000   0.27190 
   6  CA    CT    M    4   3   2     1.449   121.900   180.000   0.01450 
   7  HA    H1    E    6   4   3     1.090   109.500   300.000   0.07790 
   8  CB    CT    3    6   4   3     1.525   111.100    60.000  -0.00710 
   9  1HB   HC    E    8   6   4     1.090   109.500   300.000   0.02560 
  10  2HB   HC    E    8   6   4     1.090   109.500    60.000   0.02560 
  11  CG    CT    3    8   6   4     1.510   109.470   180.000  -0.01740 
  12  1HG   HC    E   11   8   6     1.090   109.500   300.000   0.04300 
  13  2HG   HC    E   11   8   6     1.090   109.500    60.000   0.04300 
  14  CD    C     B   11   8   6     1.527   109.470   180.000   0.68010 
  15  OE1   O     E   14  11   8     1.260   117.200    90.000  -0.58380 
  16  OE2   OH    S   14  11   8     1.260   117.200   270.000  -0.65110 
  17  HE2   HO    E   16  14  11     0.960   109.500   180.000   0.46410  
  18  C     C     M    6   4   3     1.522   111.100   180.000   0.59730 
  19  O     O     E   18   6   4     1.229   120.500     0.000  -0.56790 
#GHD  INT     0 
   4  N     N     M    3   2   1     1.335   116.600   180.000  -0.41570 
   5  H     H     E    4   3   2     1.010   119.800     0.000   0.27190 
   6  CA    CT    M    4   3   2     1.449   121.900   180.000   0.01450 
   7  HA    H1    E    6   4   3     1.090   109.500   300.000   0.07790 
   8  CB    CT    3    6   4   3     1.525   111.100    60.000  -0.00710 
   9  1HB   HC    E    8   6   4     1.090   109.500   300.000   0.02560 
  10  2HB   HC    E    8   6   4     1.090   109.500    60.000   0.02560 
  11  CG    CT    3    8   6   4     1.510   109.470   180.000  -0.01740 
  12  1HG   HC    E   11   8   6     1.090   109.500   300.000   0.04300 
  13  2HG   HC    E   11   8   6     1.090   109.500    60.000   0.04300 
  14  CD    C     B   11   8   6     1.527   109.470   180.000   0.68010 
  15  OE1   O     E   14  11   8     1.260   117.200    90.000  -0.58380 
  16  OE2   OH    S   14  11   8     1.260   117.200   270.000  -0.65110 
  17  HE2   HO    E   16  14  11     0.960   109.500   180.000   0.46410  
  18  C     C     M    6   4   3     1.522   111.100   180.000   0.59730 
  19  O     O     E   18   6   4     1.229   120.500     0.000  -0.56790 

