#ALA
   5  N     N     M    3   2   1     1.335   116.600   180.000  -0.11049 
   6  CA    CH    M    4   3   2     1.449   121.900   180.000   0.09654  
   7  CB    C3    E    6   4   3     1.525   111.100    60.000  -0.00114 
   8  C     C     M    6   4   3     1.522   111.100   180.000   0.57022  
   9  O     O     E    7   6   4     1.229   120.500     0.000  -0.55512 
#ARG
   5  N     N     M    3   2   1     1.335   116.600   180.000  -0.06153 
   6  CA    CH    M    4   3   2     1.449   121.900   180.000  -0.05099
   7  CB    C2    S    6   4   3     1.525   111.100    60.000   0.10265  
   8  CG    C2    S    7   6   4     1.525   109.470   180.000  -0.04058  
   9  CD    C2    S    8   7   6     1.525   109.470   180.000   0.35775  
  10  NE    N2    B    9   8   7     1.480   111.000   180.000  -0.16801
  11  CZ    CA    B   10   9   8     1.330   123.000   180.000   0.57732 
  12  NH1   N2    B   12  10   9     1.330   122.000     0.000   0.10135 
  13  NH2   N2    B   12  10   9     1.330   118.000   180.000   0.10135  
  14  C     C     M    6   4   3     1.522   111.100   180.000   0.69224   
  15  O     O     E   19   6   4     1.229   120.500     0.000  -0.61156  
#ASN 
   5  N     N     M    3   2   1     1.335   116.600   180.000  -0.12174  
   6  CA    CH    M    4   3   2     1.449   121.900   180.000   0.10111   
   7  CB    C2    S    6   4   3     1.525   111.100    60.000   0.02914   
   8  CG    C     B    7   6   4     1.522   111.100   180.000   0.62488   
   9  OD1   O     E    8   7   6     1.229   120.500     0.000  -0.58281 
  10  ND2   N     B    8   7   6     1.335   116.600   180.000  -0.08491 
  11  C     C     M    6   4   3     1.522   111.100   180.000   0.60820  
  12  O     O     E   13   6   4     1.229   120.500     0.000  -0.57386
#ASP 
   5  N     N     M    3   2   1     1.335   116.600   180.000  -0.15414 
   6  CA    CH    M    4   3   2     1.449   121.900   180.000   0.05656  
   7  CB    C2    S    6   4   3     1.525   111.100    60.000  -0.04527 
   8  CG    C     B    7   6   4     1.527   109.470   180.000   0.76578  
   9  OD1   O2    E    8   7   6     1.260   117.200    90.000  -0.78935 
  10  OD2   O2    E    8   7   6     1.260   117.200   270.000  -0.78935 
  11  C     C     M    6   4   3     1.522   111.100   180.000   0.51168  
  12  O     O     E   11   6   4     1.229   120.500     0.000  -0.55590 
#ASH 
   5  N     N     M    3   2   1     1.335   116.600   180.000  -0.10965 
   6  CA    CH    M    4   3   2     1.449   121.900   180.000   0.05897  
   7  CB    C2    S    6   4   3     1.525   111.100    60.000   0.01665  
   8  CG    C     B    7   6   4     1.527   109.470   180.000   0.67864   
   9  OD1   O	  S    7   6   4     1.430   109.470   180.000  -0.55094  
  10  OD2   OH	  S    7   6   4     1.430   109.470   180.000  -0.14912 
  11  C     C     M    6   4   3     1.522   111.100   180.000   0.62049 
  12  O     O     E   11   6   4     1.229   120.500     0.000  -0.56504 
#CYS 
   5  N     N     M    3   2   1     1.335   116.600   180.000  -0.10097
   6  CA    CH    M    4   3   2     1.449   121.900   180.000   0.06675   
   7  CB    C2    S    6   4   3     1.525   111.100    60.000   0.14048 
   8  SG    SH    3    7   6   4     1.810   116.000   180.000  -0.16442 
   9  C     C     M    6   4   3     1.522   111.100   180.000   0.64303  
  10  O     O     E   12   6   4     1.229   120.500     0.000  -0.58486   
#CYX 
   5  N     N     M    3   2   1     1.335   116.600   180.000  -0.14584
   6  CA    CH    M    4   3   2     1.449   121.900   180.000   0.10134     
   7  CB    C2    S    6   4   3     1.525   111.100    60.000  -0.19367 
   8  SG    S     3    7   6   4     1.810   116.000   180.000  -0.20079 
   9  C     C     M    6   4   3     1.522   111.100   180.000   0.62478   
  10  O     O     E   12   6   4     1.229   120.500     0.000  -0.57316
#GLN 
   5  N     N     M    3   2   1     1.335   116.600   180.000  -0.05250 
   6  CA    CH    M    4   3   2     1.449   121.900   180.000   0.03773  
   7  CB    C2    S    6   4   3     1.525   111.100    60.000   0.00981  
   8  CG    C2    S    7   6   4     1.525   109.470   180.000   0.06275   
   9  CD    C     B    8   7   6     1.522   111.100   180.000   0.63718  
  10  OE1   O     E    9   8   7     1.229   120.500     0.000  -0.58132 
  11  NE2   N     B    9   8   7     1.335   116.600   180.000  -0.08823
  12  C     C     M    6   4   3     1.522   111.100   180.000   0.52061 
  13  O     O     E   14   6   4     1.229   120.500     0.000  -0.54604  
#GLU 
   5  N     N     M    3   2   1     1.335   116.600   180.000  -0.13932 
   6  CA    CH    M    4   3   2     1.449   121.900   180.000   0.09151  
   7  CB    C2    S    6   4   3     1.525   111.100    60.000   0.04618  
   8  CG    C2    S    7   6   4     1.510   109.470   180.000  -0.07707 
   9  CD    C     B    8   7   6     1.527   109.470   180.000   0.76969  
  10  OE1   O2    E    9   8   7     1.260   117.200    90.000  -0.78422  
  11  OE2   O2    E    9   8   7     1.260   117.200   270.000  -0.78422  
  12  C     C     M    6   4   3     1.522   111.100   180.000   0.43517  
  13  O     O     E   12   6   4     1.229   120.500     0.000  -0.55772   
#GLH 
   5  N     N     M    3   2   1     1.335   116.600   180.000  -0.12057 
   6  CA    CH    M    4   3   2     1.449   121.900   180.000   0.09990  
   7  CB    C2    S    6   4   3     1.525   111.100    60.000   0.05117 
   8  CG    C2    S    7   6   4     1.510   109.470   180.000   0.05852  
   9  CD    C     B    8   7   6     1.527   109.470   180.000   0.63893 
  10  OE1   O	  S    7   6   4     1.430   109.470   180.000  -0.55903 
  11  OE2   OH	  S    7   6   4     1.430   109.470   180.000  -0.14106 
  12  C     C     M    6   4   3     1.522   111.100   180.000   0.58705  
  13  O     O     E   12   6   4     1.229   120.500     0.000  -0.56375  
#HID 
   5  N     N     M    3   2   1     1.335   116.600   180.000  -0.18721 
   6  CA    CH    M    4   3   2     1.449   121.900   180.000   0.15474    
   7  CB    C2    S    6   4   3     1.525   111.100    60.000   0.05623   
   8  CG    CC    S    7   6   4     1.510   115.000   180.000  -0.02132      
   9  ND1   NA    B    8   7   6     1.390   122.000   180.000   0.05484   
  11  CE1   CP    S    9   8   7     1.320   108.000   180.000   0.27038    
  12  NE2   NB    S   11   9   8     1.310   109.000     0.000  -0.55849  
  13  CD2   CF    E   12  11   9     1.360   110.000     0.000   0.16342     
  14  C     C     M    6   4   3     1.522   111.100   180.000   0.65639    
  15  O     O     E   14   6   4     1.229   120.500     0.000  -0.58898   
#HIE 
   5  N     N     M    3   2   1     1.335   116.600   180.000  -0.14710 
   6  CA    CH    M    4   3   2     1.449   121.900   180.000   0.10570   
   7  CB    C2    S    6   4   3     1.525   111.100    60.000   0.05095  
   8  CG    CC    S    7   6   4     1.510   115.000   180.000   0.22000      
   9  ND1   NB    B    8   7   6     1.390   122.000   180.000  -0.51018  
  11  CE1   CP    S    9   8   7     1.320   108.000   180.000   0.18655   
  12  NE2   NA    S   11   9   8     1.310   109.000     0.000   0.19719  
  13  CD2   CF    E   12  11   9     1.360   110.000     0.000  -0.12940   
  14  C     C     M    6   4   3     1.522   111.100   180.000   0.60187   
  15  O     O     E   14   6   4     1.229   120.500     0.000  -0.57559  
#HIN 
   5  N     N     M    3   2   1     1.335   116.600   180.000  -0.31720 
   6  CA    CH    M    4   3   2     1.449   121.900   180.000   0.32670    
   7  CB    C2    S    6   4   3     1.525   111.100    60.000  -0.08830  
   8  CG    CC    S    7   6   4     1.510   115.000   180.000   0.15040       
   9  ND1   NB    B    8   7   6     1.390   122.000   180.000  -0.76260  
  11  CE1   CP    S    9   8   7     1.320   108.000   180.000   0.46990    
  12  NE2   NB    S   11   9   8     1.310   109.000     0.000  -0.76560  
  13  CD2   CF    E   12  11   9     1.360   110.000     0.000   0.46990    
  14  C     C     M    6   4   3     1.522   111.100   180.000   0.45880    
  15  O     O     E   14   6   4     1.229   120.500     0.000  -0.56530  
#HIP 
   5  N     N     M    3   2   1     1.335   116.600   180.000   0.02292  
   6  CA    CH    M    4   3   2     1.449   121.900   180.000  -0.00921     
   7  CB    C2    S    6   4   3     1.525   111.100    60.000   0.16225   
   8  CG    CC    S    7   6   4     1.510   115.000   180.000   0.01100        
   9  ND1   NA    B    8   7   6     1.390   122.000   180.000   0.24620   
  11  CE1   CP    S    9   8   7     1.320   108.000   180.000   0.21511     
  12  NE2   NA    S   11   9   8     1.310   109.000     0.000   0.21946   
  13  CD2   CF    E   12  11   9     1.360   110.000     0.000   0.06538      
  14  C     C     M    6   4   3     1.522   111.100   180.000   0.65543     
  15  O     O     E   14   6   4     1.229   120.500     0.000  -0.58857
#ILE 
   5  N     N     M    3   2   1     1.335   116.600   180.000  -0.11454 
   6  CA    CH    M    4   3   2     1.449   121.900   180.000  -0.04668 
   7  CB    CH    B    6   4   3     1.525   109.470    60.000   0.08880  
   8  CG2   C3    E    7   6   4     1.525   109.470    60.000  -0.02277 
   9  CG1   C2    S    7   6   4     1.525   109.470   180.000   0.04397  
  10  CD1   C3    E    9   7   6     1.525   109.470   180.000  -0.02277 
  11  C     C     M    6   4   3     1.522   111.100   180.000   0.67045  
  12  O     O     E   11   6   4     1.229   120.500     0.000  -0.59646
#LEU 
   5  N     N     M    3   2   1     1.335   116.600   180.000  -0.09273 
   6  CA    CH    M    4   3   2     1.449   121.900   180.000   0.03255  
   7  CB    C2    S    6   4   3     1.525   111.100    60.000   0.00254  
   8  CG    CH    B    7   6   4     1.525   109.470   180.000   0.10614  
   9  CD1   C3    E    8   7   6     1.525   109.470    60.000  -0.03206 
  10  CD2   C3    E    8   7   6     1.525   109.470   180.000  -0.03206 
  11  C     C     M    6   4   3     1.522   111.100   180.000   0.57347  
  12  O     O     E   11   6   4     1.229   120.500     0.000  -0.55784
#LYS 
   5  N     N     M    3   2   1     1.335   116.600   180.000  -0.14078 
   6  CA    CH    M    4   3   2     1.449   121.900   180.000   0.08526   
   7  CB    C2    S    6   4   3     1.525   111.100    60.000   0.03156  
   8  CG    C2    S    7   6   4     1.525   109.470   180.000  -0.04370 
   9  CD    C2    S    8   7   6     1.525   109.470   180.000   0.10996  
  10  CE    C2    S    9   8   7     1.525   109.470   180.000   0.24664  
  11  NZ    N3    3   10   9   8     1.470   109.470   180.000   0.63899  
  15  C     C     M    6   4   3     1.522   111.100   180.000   0.67247  
  16  O     O     E   15   6   4     1.229   120.500     0.000  -0.60041 
#MET  
   5  N     N     M    3   2   1     1.335   116.600   180.000  -0.11438 
   6  CA    CH    M    4   3   2     1.449   121.900   180.000   0.09655  
   7  CB    C2    S    6   4   3     1.525   111.100    60.000   0.06410  
   8  CG    C2    S    7   6   4     1.525   109.470   180.000   0.15404  
   9  SD    S     3    8   7   6     1.810   110.000   180.000  -0.34610 
  10  CE    C3    E    9   8   7     1.780   100.000   180.000   0.17662  
  11  C     C     M    6   4   3     1.522   111.100   180.000   0.59968  
  12  O     O     E   13   6   4     1.229   120.500     0.000  -0.56642
#PHE 
   5  N     N     M    3   2   1     1.335   116.600   180.000  -0.10809 
   6  CA    CH    M    4   3   2     1.449   121.900   180.000   0.08795  
   7  CB    C2    S    6   4   3     1.525   111.100    60.000   0.05976   
   8  CG    CA    S    7   6   4     1.510   115.000   180.000   0.03048  
   9  CD1   CD    S    8   7   6     1.400   120.000   180.000  -0.01672 
  10  CE1   CD    S    9   8   7     1.400   120.000   180.000  -0.02279 
  11  CZ    CD    S   10   9   8     1.400   120.000     0.000   0.01416  
  12  CE2   CD    S   11  10   9     1.400   120.000     0.000  -0.02279 
  13  CD2   CD    E   12  11  10     1.400   120.000     0.000  -0.01672 
  14  C     C     M    6   4   3     1.522   111.100   180.000   0.54934  
  15  O     O     E   14   6   4     1.229   120.500     0.000  -0.55456  
#PRO 
   5  N     N     M    3   2   1     1.337   117.000   180.000  -0.11672
   6  CD    C2    E    6   5   4     1.510   106.000   338.300   0.12373
   7  CG    C2    S    5   4   3     1.500   103.200   200.100   0.03756  
   8  CB    C2    E    6   5   4     1.510   106.000   338.300   0.04624  
   9  CA    CH    M    4   3   2     1.451   120.600   175.200   0.05936  
  10  C     C     M    8   4   3     1.522   111.100     0.000   0.33244  
  11  O     O     E    9   8   4     1.229   120.500     0.000  -0.48263
#HYP 
   5  N     N     M    3   2   1     1.337   117.000   180.000  -0.25480 
   6  CD    C2    E    6   5   4     1.510   106.000   338.300   0.21580
   7  CG    CH    S    5   4   3     1.500   103.200   200.100   0.34680  
   8  OD1   OH	  S    7   6   4     1.430   109.470   180.000  -0.29380
   9  CB    C2    E    6   5   4     1.510   106.000   338.300  -0.06490 
  10  CA    CH    M    4   3   2     1.451   120.600   175.200   0.03610  
  11  C     C     M    8   4   3     1.522   111.100     0.000   0.58960  
  12  O     O     E    9   8   4     1.229   120.500     0.000  -0.57480
#SER 
   5  N     N     M    3   2   1     1.335   116.600   180.000  -0.14959 
   6  CA    CH    M    4   3   2     1.449   121.900   180.000   0.11431  
   7  CB    C2    S    6   4   3     1.525   111.100    60.000   0.22975   
   8  OG    OH    S    7   6   4     1.430   109.470   180.000  -0.20658 
  10  C     C     M    6   4   3     1.522   111.100   180.000   0.57763  
  11  O     O     E   10   6   4     1.229   120.500     0.000  -0.56551
#THR 
   5  N     N     M    3   2   1     1.335   116.600   180.000   0.00995  
   6  CA    CH    M    4   3   2     1.449   121.900   180.000  -0.10461 
   7  CB    CH    B    6   4   3     1.525   111.100    60.000   0.27456  
   8  CG2   C3    E    7   6   4     1.525   109.470   300.000   0.02800  
   9  OG1   OH    S    7   6   4     1.430   109.470    60.000  -0.21577 
  11  C     C     M    6   4   3     1.522   111.100   180.000   0.55987  
  12  O     O     E   11   6   4     1.229   120.500     0.000  -0.55202
#TRP 
   5  N     N     M    3   2   1     1.335   116.600   180.000  -0.13836 
   6  CA    CH    M    4   3   2     1.449   121.900   180.000   0.10084  
   7  CB    C2    S    6   4   3     1.525   111.100    60.000   0.06173  
   8  CG    C*    S    7   6   4     1.510   115.000   180.000  -0.08041 
   9  CD1   CG    S    8   7   6     1.340   127.000   180.000  -0.04228 
  10  NE1   NA    B    9   8   7     1.430   107.000   180.000   0.07042  
  11  CE2   CN    S   10   9   8     1.310   109.000     0.000   0.12384  
  12  CZ2   CD    S   12  10   9     1.400   128.000   180.000  -0.07565 
  13  CH2   CD    S   13  12  10     1.390   116.000   180.000  -0.01443 
  14  CZ3   CD    S   14  13  12     1.350   121.000     0.000  -0.05912 
  15  CE3   CD    S   15  14  13     1.410   122.000     0.000  -0.02839 
  16  CD2   CB    E   16  15  14     1.400   117.000     0.000   0.05255  
  17  C     C     M    6   4   3     1.522   111.100   180.000   0.57808  
  18  O     O     E   18   6   4     1.229   120.500     0.000  -0.54881
#TYR 
   5  N     N     M    3   2   1     1.335   116.600   180.000  -0.22723 
   6  CA    CH    M    4   3   2     1.449   121.900   180.000   0.17203  
   7  CB    C2    S    6   4   3     1.525   111.100    60.000  -0.02802  
   8  CG    CA    S    7   6   4     1.510   109.470   180.000   0.12864  
   9  CD1   CD    S    8   7   6     1.400   120.000   180.000  -0.05300 
  10  CE1   CD    S    9   8   7     1.400   120.000   180.000  -0.06360   
  11  CZ    C     B   10   9   8     1.400   120.000     0.000   0.24151  
  12  OH    OH    S   11  10   9     1.360   120.000   180.000  -0.10492 
  13  CE2   CD    S   11  10   9     1.400   120.000     0.000  -0.06360   
  14  CD2   CD    E   14  11  10     1.400   120.000     0.000  -0.05300 
  15  C     C     M    6   4   3     1.522   111.100   180.000   0.62471  
  16  O     O     E   16   6   4     1.229   120.500     0.000  -0.57351 
#VAL 
   5  N     N     M    3   2   1     1.335   116.600   180.000   0.17260  
   6  CA    CH    M    4   3   2     1.449   121.900   180.000   0.10064  
   7  CB    CH    B    6   4   3     1.525   111.100    60.000   0.02801  
   8  CG1   C3    E    7   6   4     1.525   109.470    60.000  -0.02582 
   9  CG2   C3    E    7   6   4     1.525   109.470   180.000  -0.02582 
  10  C     C     M    6   4   3     1.522   111.100   180.000   0.55636  
  11  O     O     E   10   6   4     1.229   120.500     0.000  -0.54297
#GLY                                               
   5  N     N     M    3   2   1     1.335   116.600   180.000  -0.08290 
   6  CA    C2    M    4   3   2     1.449   121.900   180.000   0.07281  
   7  C     C     M    6   4   3     1.522   110.400   180.000   0.57504  
   8  O     O     E    7   6   4     1.229   120.500     0.000  -0.56496 
#ALD
   5  N     N     M    3   2   1     1.335   116.600   180.000  -0.11049 
   6  CA    CH    M    4   3   2     1.449   121.900   180.000   0.09654  
   7  CB    C3    E    6   4   3     1.525   111.100    60.000  -0.00114 
   8  C     C     M    6   4   3     1.522   111.100   180.000   0.57022  
   9  O     O     E    7   6   4     1.229   120.500     0.000  -0.55512 
#ARD
   5  N     N     M    3   2   1     1.335   116.600   180.000  -0.06153 
   6  CA    CH    M    4   3   2     1.449   121.900   180.000  -0.05099
   7  CB    C2    S    6   4   3     1.525   111.100    60.000   0.10265  
   8  CG    C2    S    7   6   4     1.525   109.470   180.000  -0.04058  
   9  CD    C2    S    8   7   6     1.525   109.470   180.000   0.35775  
  10  NE    N2    B    9   8   7     1.480   111.000   180.000  -0.16801
  11  CZ    CA    B   10   9   8     1.330   123.000   180.000   0.57732 
  12  NH1   N2    B   12  10   9     1.330   122.000     0.000   0.10135 
  13  NH2   N2    B   12  10   9     1.330   118.000   180.000   0.10135  
  14  C     C     M    6   4   3     1.522   111.100   180.000   0.69224   
  15  O     O     E   19   6   4     1.229   120.500     0.000  -0.61156  
#AND 
   5  N     N     M    3   2   1     1.335   116.600   180.000  -0.12174  
   6  CA    CH    M    4   3   2     1.449   121.900   180.000   0.10111   
   7  CB    C2    S    6   4   3     1.525   111.100    60.000   0.02914   
   8  CG    C     B    7   6   4     1.522   111.100   180.000   0.62488   
   9  OD1   O     E    8   7   6     1.229   120.500     0.000  -0.58281 
  10  ND2   N     B    8   7   6     1.335   116.600   180.000  -0.08491 
  11  C     C     M    6   4   3     1.522   111.100   180.000   0.60820  
  12  O     O     E   13   6   4     1.229   120.500     0.000  -0.57386
#APD 
   5  N     N     M    3   2   1     1.335   116.600   180.000  -0.15414 
   6  CA    CH    M    4   3   2     1.449   121.900   180.000   0.05656  
   7  CB    C2    S    6   4   3     1.525   111.100    60.000  -0.04527 
   8  CG    C     B    7   6   4     1.527   109.470   180.000   0.76578  
   9  OD1   O2    E    8   7   6     1.260   117.200    90.000  -0.78935 
  10  OD2   O2    E    8   7   6     1.260   117.200   270.000  -0.78935 
  11  C     C     M    6   4   3     1.522   111.100   180.000   0.51168  
  12  O     O     E   11   6   4     1.229   120.500     0.000  -0.55590 
#AHD 
   5  N     N     M    3   2   1     1.335   116.600   180.000  -0.10965 
   6  CA    CH    M    4   3   2     1.449   121.900   180.000   0.05897  
   7  CB    C2    S    6   4   3     1.525   111.100    60.000   0.01665  
   8  CG    C     B    7   6   4     1.527   109.470   180.000   0.67864   
   9  OD1   O	  S    7   6   4     1.430   109.470   180.000  -0.55094  
  10  OD2   OH	  S    7   6   4     1.430   109.470   180.000  -0.14912 
  11  C     C     M    6   4   3     1.522   111.100   180.000   0.62049 
  12  O     O     E   11   6   4     1.229   120.500     0.000  -0.56504 
#CYD 
   5  N     N     M    3   2   1     1.335   116.600   180.000  -0.10097
   6  CA    CH    M    4   3   2     1.449   121.900   180.000   0.06675   
   7  CB    C2    S    6   4   3     1.525   111.100    60.000   0.14048 
   8  SG    SH    3    7   6   4     1.810   116.000   180.000  -0.16442 
   9  C     C     M    6   4   3     1.522   111.100   180.000   0.64303  
  10  O     O     E   12   6   4     1.229   120.500     0.000  -0.58486   
#CXD 
   5  N     N     M    3   2   1     1.335   116.600   180.000  -0.14584
   6  CA    CH    M    4   3   2     1.449   121.900   180.000   0.10134     
   7  CB    C2    S    6   4   3     1.525   111.100    60.000  -0.19367 
   8  SG    S     3    7   6   4     1.810   116.000   180.000  -0.20079 
   9  C     C     M    6   4   3     1.522   111.100   180.000   0.62478   
  10  O     O     E   12   6   4     1.229   120.500     0.000  -0.57316
#GND 
   5  N     N     M    3   2   1     1.335   116.600   180.000  -0.05250 
   6  CA    CH    M    4   3   2     1.449   121.900   180.000   0.03773  
   7  CB    C2    S    6   4   3     1.525   111.100    60.000   0.00981  
   8  CG    C2    S    7   6   4     1.525   109.470   180.000   0.06275   
   9  CD    C     B    8   7   6     1.522   111.100   180.000   0.63718  
  10  OE1   O     E    9   8   7     1.229   120.500     0.000  -0.58132 
  11  NE2   N     B    9   8   7     1.335   116.600   180.000  -0.08823
  12  C     C     M    6   4   3     1.522   111.100   180.000   0.52061 
  13  O     O     E   14   6   4     1.229   120.500     0.000  -0.54604  
#GUD 
   5  N     N     M    3   2   1     1.335   116.600   180.000  -0.13932 
   6  CA    CH    M    4   3   2     1.449   121.900   180.000   0.09151  
   7  CB    C2    S    6   4   3     1.525   111.100    60.000   0.04618  
   8  CG    C2    S    7   6   4     1.510   109.470   180.000  -0.07707 
   9  CD    C     B    8   7   6     1.527   109.470   180.000   0.76969  
  10  OE1   O2    E    9   8   7     1.260   117.200    90.000  -0.78422  
  11  OE2   O2    E    9   8   7     1.260   117.200   270.000  -0.78422  
  12  C     C     M    6   4   3     1.522   111.100   180.000   0.43517  
  13  O     O     E   12   6   4     1.229   120.500     0.000  -0.55772   
#GHD 
   5  N     N     M    3   2   1     1.335   116.600   180.000  -0.12057 
   6  CA    CH    M    4   3   2     1.449   121.900   180.000   0.09990  
   7  CB    C2    S    6   4   3     1.525   111.100    60.000   0.05117 
   8  CG    C2    S    7   6   4     1.510   109.470   180.000   0.05852  
   9  CD    C     B    8   7   6     1.527   109.470   180.000   0.63893 
  10  OE1   O	  S    7   6   4     1.430   109.470   180.000  -0.55903 
  11  OE2   OH	  S    7   6   4     1.430   109.470   180.000  -0.14106 
  12  C     C     M    6   4   3     1.522   111.100   180.000   0.58705  
  13  O     O     E   12   6   4     1.229   120.500     0.000  -0.56375  
#HDD 
   5  N     N     M    3   2   1     1.335   116.600   180.000  -0.18721 
   6  CA    CH    M    4   3   2     1.449   121.900   180.000   0.15474    
   7  CB    C2    S    6   4   3     1.525   111.100    60.000   0.05623   
   8  CG    CC    S    7   6   4     1.510   115.000   180.000  -0.02132      
   9  ND1   NA    B    8   7   6     1.390   122.000   180.000   0.05484   
  11  CE1   CP    S    9   8   7     1.320   108.000   180.000   0.27038    
  12  NE2   NB    S   11   9   8     1.310   109.000     0.000  -0.55849  
  13  CD2   CF    E   12  11   9     1.360   110.000     0.000   0.16342     
  14  C     C     M    6   4   3     1.522   111.100   180.000   0.65639    
  15  O     O     E   14   6   4     1.229   120.500     0.000  -0.58898   
#HED 
   5  N     N     M    3   2   1     1.335   116.600   180.000  -0.14710 
   6  CA    CH    M    4   3   2     1.449   121.900   180.000   0.10570   
   7  CB    C2    S    6   4   3     1.525   111.100    60.000   0.05095  
   8  CG    CC    S    7   6   4     1.510   115.000   180.000   0.22000      
   9  ND1   NB    B    8   7   6     1.390   122.000   180.000  -0.51018  
  11  CE1   CP    S    9   8   7     1.320   108.000   180.000   0.18655   
  12  NE2   NA    S   11   9   8     1.310   109.000     0.000   0.19719  
  13  CD2   CF    E   12  11   9     1.360   110.000     0.000  -0.12940   
  14  C     C     M    6   4   3     1.522   111.100   180.000   0.60187   
  15  O     O     E   14   6   4     1.229   120.500     0.000  -0.57559  
#HND 
   5  N     N     M    3   2   1     1.335   116.600   180.000  -0.31720 
   6  CA    CH    M    4   3   2     1.449   121.900   180.000   0.32670    
   7  CB    C2    S    6   4   3     1.525   111.100    60.000  -0.08830  
   8  CG    CC    S    7   6   4     1.510   115.000   180.000   0.15040       
   9  ND1   NB    B    8   7   6     1.390   122.000   180.000  -0.76260  
  11  CE1   CP    S    9   8   7     1.320   108.000   180.000   0.46990    
  12  NE2   NB    S   11   9   8     1.310   109.000     0.000  -0.76560  
  13  CD2   CF    E   12  11   9     1.360   110.000     0.000   0.46990    
  14  C     C     M    6   4   3     1.522   111.100   180.000   0.45880    
  15  O     O     E   14   6   4     1.229   120.500     0.000  -0.56530  
#HPD 
   5  N     N     M    3   2   1     1.335   116.600   180.000   0.02292  
   6  CA    CH    M    4   3   2     1.449   121.900   180.000  -0.00921     
   7  CB    C2    S    6   4   3     1.525   111.100    60.000   0.16225   
   8  CG    CC    S    7   6   4     1.510   115.000   180.000   0.01100        
   9  ND1   NA    B    8   7   6     1.390   122.000   180.000   0.24620   
  11  CE1   CP    S    9   8   7     1.320   108.000   180.000   0.21511     
  12  NE2   NA    S   11   9   8     1.310   109.000     0.000   0.21946   
  13  CD2   CF    E   12  11   9     1.360   110.000     0.000   0.06538      
  14  C     C     M    6   4   3     1.522   111.100   180.000   0.65543     
  15  O     O     E   14   6   4     1.229   120.500     0.000  -0.58857
#ILD 
   5  N     N     M    3   2   1     1.335   116.600   180.000  -0.11454 
   6  CA    CH    M    4   3   2     1.449   121.900   180.000  -0.04668 
   7  CB    CH    B    6   4   3     1.525   109.470    60.000   0.08880  
   8  CG2   C3    E    7   6   4     1.525   109.470    60.000  -0.02277 
   9  CG1   C2    S    7   6   4     1.525   109.470   180.000   0.04397  
  10  CD1   C3    E    9   7   6     1.525   109.470   180.000  -0.02277 
  11  C     C     M    6   4   3     1.522   111.100   180.000   0.67045  
  12  O     O     E   11   6   4     1.229   120.500     0.000  -0.59646
#LED 
   5  N     N     M    3   2   1     1.335   116.600   180.000  -0.09273 
   6  CA    CH    M    4   3   2     1.449   121.900   180.000   0.03255  
   7  CB    C2    S    6   4   3     1.525   111.100    60.000   0.00254  
   8  CG    CH    B    7   6   4     1.525   109.470   180.000   0.10614  
   9  CD1   C3    E    8   7   6     1.525   109.470    60.000  -0.03206 
  10  CD2   C3    E    8   7   6     1.525   109.470   180.000  -0.03206 
  11  C     C     M    6   4   3     1.522   111.100   180.000   0.57347  
  12  O     O     E   11   6   4     1.229   120.500     0.000  -0.55784
#LYD 
   5  N     N     M    3   2   1     1.335   116.600   180.000  -0.14078 
   6  CA    CH    M    4   3   2     1.449   121.900   180.000   0.08526   
   7  CB    C2    S    6   4   3     1.525   111.100    60.000   0.03156  
   8  CG    C2    S    7   6   4     1.525   109.470   180.000  -0.04370 
   9  CD    C2    S    8   7   6     1.525   109.470   180.000   0.10996  
  10  CE    C2    S    9   8   7     1.525   109.470   180.000   0.24664  
  11  NZ    N3    3   10   9   8     1.470   109.470   180.000   0.63899  
  15  C     C     M    6   4   3     1.522   111.100   180.000   0.67247  
  16  O     O     E   15   6   4     1.229   120.500     0.000  -0.60041 
#MED  
   5  N     N     M    3   2   1     1.335   116.600   180.000  -0.11438 
   6  CA    CH    M    4   3   2     1.449   121.900   180.000   0.09655  
   7  CB    C2    S    6   4   3     1.525   111.100    60.000   0.06410  
   8  CG    C2    S    7   6   4     1.525   109.470   180.000   0.15404  
   9  SD    S     3    8   7   6     1.810   110.000   180.000  -0.34610 
  10  CE    C3    E    9   8   7     1.780   100.000   180.000   0.17662  
  11  C     C     M    6   4   3     1.522   111.100   180.000   0.59968  
  12  O     O     E   13   6   4     1.229   120.500     0.000  -0.56642
#PHD 
   5  N     N     M    3   2   1     1.335   116.600   180.000  -0.10809 
   6  CA    CH    M    4   3   2     1.449   121.900   180.000   0.08795  
   7  CB    C2    S    6   4   3     1.525   111.100    60.000   0.05976   
   8  CG    CA    S    7   6   4     1.510   115.000   180.000   0.03048  
   9  CD1   CD    S    8   7   6     1.400   120.000   180.000  -0.01672 
  10  CE1   CD    S    9   8   7     1.400   120.000   180.000  -0.02279 
  11  CZ    CD    S   10   9   8     1.400   120.000     0.000   0.01416  
  12  CE2   CD    S   11  10   9     1.400   120.000     0.000  -0.02279 
  13  CD2   CD    E   12  11  10     1.400   120.000     0.000  -0.01672 
  14  C     C     M    6   4   3     1.522   111.100   180.000   0.54934  
  15  O     O     E   14   6   4     1.229   120.500     0.000  -0.55456  
#PRD 
   5  N     N     M    3   2   1     1.337   117.000   180.000  -0.11672
   6  CD    C2    E    6   5   4     1.510   106.000   338.300   0.12373
   7  CG    C2    S    5   4   3     1.500   103.200   200.100   0.03756  
   8  CB    C2    E    6   5   4     1.510   106.000   338.300   0.04624  
   9  CA    CH    M    4   3   2     1.451   120.600   175.200   0.05936  
  10  C     C     M    8   4   3     1.522   111.100     0.000   0.33244  
  11  O     O     E    9   8   4     1.229   120.500     0.000  -0.48263
#HYD 
   5  N     N     M    3   2   1     1.337   117.000   180.000  -0.25480 
   6  CD    C2    E    6   5   4     1.510   106.000   338.300   0.21580
   7  CG    CH    S    5   4   3     1.500   103.200   200.100   0.34680  
   8  OD1   OH	  S    7   6   4     1.430   109.470   180.000  -0.29380
   9  CB    C2    E    6   5   4     1.510   106.000   338.300  -0.06490 
  10  CA    CH    M    4   3   2     1.451   120.600   175.200   0.03610  
  11  C     C     M    8   4   3     1.522   111.100     0.000   0.58960  
  12  O     O     E    9   8   4     1.229   120.500     0.000  -0.57480
#SED 
   5  N     N     M    3   2   1     1.335   116.600   180.000  -0.14959 
   6  CA    CH    M    4   3   2     1.449   121.900   180.000   0.11431  
   7  CB    C2    S    6   4   3     1.525   111.100    60.000   0.22975   
   8  OG    OH    S    7   6   4     1.430   109.470   180.000  -0.20658 
  10  C     C     M    6   4   3     1.522   111.100   180.000   0.57763  
  11  O     O     E   10   6   4     1.229   120.500     0.000  -0.56551
#THD 
   5  N     N     M    3   2   1     1.335   116.600   180.000   0.00995  
   6  CA    CH    M    4   3   2     1.449   121.900   180.000  -0.10461 
   7  CB    CH    B    6   4   3     1.525   111.100    60.000   0.27456  
   8  CG2   C3    E    7   6   4     1.525   109.470   300.000   0.02800  
   9  OG1   OH    S    7   6   4     1.430   109.470    60.000  -0.21577 
  11  C     C     M    6   4   3     1.522   111.100   180.000   0.55987  
  12  O     O     E   11   6   4     1.229   120.500     0.000  -0.55202
#TRD 
   5  N     N     M    3   2   1     1.335   116.600   180.000  -0.13836 
   6  CA    CH    M    4   3   2     1.449   121.900   180.000   0.10084  
   7  CB    C2    S    6   4   3     1.525   111.100    60.000   0.06173  
   8  CG    C*    S    7   6   4     1.510   115.000   180.000  -0.08041 
   9  CD1   CG    S    8   7   6     1.340   127.000   180.000  -0.04228 
  10  NE1   NA    B    9   8   7     1.430   107.000   180.000   0.07042  
  11  CE2   CN    S   10   9   8     1.310   109.000     0.000   0.12384  
  12  CZ2   CD    S   12  10   9     1.400   128.000   180.000  -0.07565 
  13  CH2   CD    S   13  12  10     1.390   116.000   180.000  -0.01443 
  14  CZ3   CD    S   14  13  12     1.350   121.000     0.000  -0.05912 
  15  CE3   CD    S   15  14  13     1.410   122.000     0.000  -0.02839 
  16  CD2   CB    E   16  15  14     1.400   117.000     0.000   0.05255  
  17  C     C     M    6   4   3     1.522   111.100   180.000   0.57808  
  18  O     O     E   18   6   4     1.229   120.500     0.000  -0.54881
#TYD 
   5  N     N     M    3   2   1     1.335   116.600   180.000  -0.22723 
   6  CA    CH    M    4   3   2     1.449   121.900   180.000   0.17203  
   7  CB    C2    S    6   4   3     1.525   111.100    60.000  -0.02802  
   8  CG    CA    S    7   6   4     1.510   109.470   180.000   0.12864  
   9  CD1   CD    S    8   7   6     1.400   120.000   180.000  -0.05300 
  10  CE1   CD    S    9   8   7     1.400   120.000   180.000  -0.06360   
  11  CZ    C     B   10   9   8     1.400   120.000     0.000   0.24151  
  12  OH    OH    S   11  10   9     1.360   120.000   180.000  -0.10492 
  13  CE2   CD    S   11  10   9     1.400   120.000     0.000  -0.06360   
  14  CD2   CD    E   14  11  10     1.400   120.000     0.000  -0.05300 
  15  C     C     M    6   4   3     1.522   111.100   180.000   0.62471  
  16  O     O     E   16   6   4     1.229   120.500     0.000  -0.57351 
#VAD 
   5  N     N     M    3   2   1     1.335   116.600   180.000   0.17260  
   6  CA    CH    M    4   3   2     1.449   121.900   180.000   0.10064  
   7  CB    CH    B    6   4   3     1.525   111.100    60.000   0.02801  
   8  CG1   C3    E    7   6   4     1.525   109.470    60.000  -0.02582 
   9  CG2   C3    E    7   6   4     1.525   109.470   180.000  -0.02582 
  10  C     C     M    6   4   3     1.522   111.100   180.000   0.55636  
  11  O     O     E   10   6   4     1.229   120.500     0.000  -0.54297
#HCZ
   5  N  
   6  CA    
   7  C  
   8  O  
   9  CB 
  10  CG 
  11  CD2
  12  ND1
  13  CE1
  14  NE2
  15  H  
  16  HA 
  17  HB2
  18  HB3
  19  HD2
  20  HE1
  21  C1 
  22  N1 
  23  O1 
  24  C2 
  25  N2 
  26  O2 
  27  C3 
  28  N3 
  29  O3 
  30  C4 
  31  N4 
  32  O4 
  33  C5 
  34  O5 
  35  C6 
  36  C7 
  37  C8 
  38  C9 
  39  C10
  40  C11
  41  C12
  42  C13
  43  C14
  44  C15
  45  C16
  46  C17
  47  C18
  48  C19
  49  C20
  50  C21
  51  C22
  52  C23
  53  C24
  54  C25
  55  C26
  56  C27
  57  C28
  58  C29
  59  C30
  60  C31
  61  C32
  62  C33
  63  C34
  64  C35
  65  Zn 
  66  H1 
  67  H2 
  68  H3 
  69  H4 
  70  H5 
  71  H6 
  72  H7 
  73  H8 
  74  H9 
  75  H10
  76  H11
  77  H12
  78  H13
  79  H14
  80  H15
  81  H16
  82  H17
  83  H18
  84  H19
  85  H20
  86  H21
  87  H22
  88  H23
  89  H24
  90  H25
  91  H26
  92  H27
  93  H28
  94  H29
  95  H30
  96  H31
  97  H32
  98  H33
#DUM 
   5  N     N     M    3   2   1     1.335   116.600   180.000  -0.08290 
   6  CA    C2    M    4   3   2     1.449   121.900   180.000   0.07281  
   7  C     C     M    6   4   3     1.522   110.400   180.000   0.57504  
   8  O     O     E    7   6   4     1.229   120.500     0.000  -0.56496 

