#AMD   INT     1
   5  N     N     M    3   2   1     1.335   116.600   180.000  -0.27200
   6  CA    C2    M    4   3   2     1.449   121.900   180.000   0.24600
   7  C     C     M    6   4   3     1.522   110.400   180.000   0.52600
   8  O     O     E    7   6   4     1.229   120.500     0.000  -0.50000
   9  CB0   C3    E    9   7   6     1.525   109.470   180.000  -0.00100
  10  CB1   C3    E    9   7   6     1.525   109.470   180.000  -0.00100
  11  CB2   C3    E    9   7   6     1.525   109.470   180.000  -0.00100
  12  CB3   C3    E    9   7   6     1.525   109.470   180.000  -0.00100
  13  CB4   C3    E    9   7   6     1.525   109.470   180.000  -0.00100
  14  CB5   C3    E    9   7   6     1.525   109.470   180.000  -0.00100
  15  CB6   C3    E    9   7   6     1.525   109.470   180.000  -0.00100
  16  CB7   C3    E    9   7   6     1.525   109.470   180.000  -0.00100
  17  CB8   C3    E    9   7   6     1.525   109.470   180.000  -0.00100
  18  CB9   C3    E    9   7   6     1.525   109.470   180.000  -0.00100
  19  NB0   N3    3   10   9   8     1.470   109.470   180.000   0.66000
#ALD   INT     1
   5  N     N     M    3   2   1     1.335   116.600   180.000  -0.27200 
   6  CA    CH    M    4   3   2     1.449   121.900   180.000   0.21500 
   7  CB    C3    E    6   4   3     1.525   111.100    60.000   0.03100 
   8  C     C     M    6   4   3     1.522   111.100   180.000   0.52600 
   9  O     O     E    7   6   4     1.229   120.500     0.000  -0.50000 
#ALA   INT     1
   5  N     N     M    3   2   1     1.335   116.600   180.000  -0.27200 
   6  CA    CH    M    4   3   2     1.449   121.900   180.000   0.21500 
   7  CB    C3    E    6   4   3     1.525   111.100    60.000   0.03100 
   8  C     C     M    6   4   3     1.522   111.100   180.000   0.52600 
   9  O     O     E    7   6   4     1.229   120.500     0.000  -0.50000 
#GLY   INT     1                                                 
   5  N     N     M    3   2   1     1.335   116.600   180.000  -0.27200 
   6  CA    C2    M    4   3   2     1.449   121.900   180.000   0.24600 
   7  C     C     M    6   4   3     1.522   110.400   180.000   0.52600 
   8  O     O     E    7   6   4     1.229   120.500     0.000  -0.50000 
#SER 
   5  N     N     M    3   2   1     1.335   116.600   180.000  -0.27200 
   6  CA    CH    M    4   3   2     1.449   121.900   180.000   0.29200 
   7  CB    C2    S    6   4   3     1.525   111.100    60.000   0.19400 
   8  OG    OH    S    7   6   4     1.430   109.470   180.000  -0.24000 
  10  C     C     M    6   4   3     1.522   111.100   180.000   0.52600 
  11  O     O     E   10   6   4     1.229   120.500     0.000  -0.50000 
#THR 
   5  N     N     M    3   2   1     1.335   116.600   180.000  -0.27200 
   6  CA    CH    M    4   3   2     1.449   121.900   180.000   0.26800 
   7  CB    CH    B    6   4   3     1.525   111.100    60.000   0.21100 
   8  CG2   C3    E    7   6   4     1.525   109.470   300.000   0.00700 
   9  OG1   OH    S    7   6   4     1.430   109.470    60.000  -0.24000 
  11  C     C     M    6   4   3     1.522   111.100   180.000   0.52600 
  12  O     O     E   11   6   4     1.229   120.500     0.000  -0.50000 
#LEU 
   5  N     N     M    3   2   1     1.335   116.600   180.000  -0.27200 
   6  CA    CH    M    4   3   2     1.449   121.900   180.000   0.20400 
   7  CB    C2    S    6   4   3     1.525   111.100    60.000   0.01600 
   8  CG    CH    B    7   6   4     1.525   109.470   180.000   0.05400 
   9  CD1   C3    E    8   7   6     1.525   109.470    60.000  -0.01400 
  10  CD2   C3    E    8   7   6     1.525   109.470   180.000  -0.01400 
  11  C     C     M    6   4   3     1.522   111.100   180.000   0.52600 
  12  O     O     E   11   6   4     1.229   120.500     0.000  -0.50000 
#ILE 
   5  N     N     M    3   2   1     1.335   116.600   180.000  -0.27200 
   6  CA    CH    M    4   3   2     1.449   121.900   180.000   0.19900 
   7  CB    CH    B    6   4   3     1.525   109.470    60.000   0.03000 
   8  CG2   C3    E    7   6   4     1.525   109.470    60.000   0.00100 
   9  CG1   C2    S    7   6   4     1.525   109.470   180.000   0.01700 
  10  CD1   C3    E    9   7   6     1.525   109.470   180.000  -0.00100 
  11  C     C     M    6   4   3     1.522   111.100   180.000   0.52600 
  12  O     O     E   11   6   4     1.229   120.500     0.000  -0.50000 
#VAL 
   5  N     N     M    3   2   1     1.335   116.600   180.000  -0.27200 
   6  CA    CH    M    4   3   2     1.449   121.900   180.000   0.20100 
   7  CB    CH    B    6   4   3     1.525   111.100    60.000   0.03300 
   8  CG1   C3    E    7   6   4     1.525   109.470    60.000   0.00600 
   9  CG2   C3    E    7   6   4     1.525   109.470   180.000   0.00600 
  10  C     C     M    6   4   3     1.522   111.100   180.000   0.52600 
  11  O     O     E   10   6   4     1.229   120.500     0.000  -0.50000 
#ASN 
   5  N     N     M    3   2   1     1.335   116.600   180.000  -0.27200 
   6  CA    CH    M    4   3   2     1.449   121.900   180.000   0.21700 
   7  CB    C2    S    6   4   3     1.525   111.100    60.000   0.00300 
   8  CG    C     B    7   6   4     1.522   111.100   180.000   0.67500 
   9  OD1   O     E    8   7   6     1.229   120.500     0.000  -0.47000 
  10  ND2   N     B    8   7   6     1.335   116.600   180.000  -0.17900 
  11  C     C     M    6   4   3     1.522   111.100   180.000   0.52600 
  12  O     O     E   13   6   4     1.229   120.500     0.000  -0.50000 
#GLN 
   5  N     N     M    3   2   1     1.335   116.600   180.000  -0.27200 
   6  CA    CH    M    4   3   2     1.449   121.900   180.000   0.21000 
   7  CB    C2    S    6   4   3     1.525   111.100    60.000   0.05300 
   8  CG    C2    S    7   6   4     1.525   109.470   180.000  -0.04300 
   9  CD    C     B    8   7   6     1.522   111.100   180.000   0.67500 
  10  OE1   O     E    9   8   7     1.229   120.500     0.000  -0.47000 
  11  NE2   N     B    9   8   7     1.335   116.600   180.000  -0.17900 
  12  C     C     M    6   4   3     1.522   111.100   180.000   0.52600 
  13  O     O     E   14   6   4     1.229   120.500     0.000  -0.50000 
#ARG 
   5  N     N     M    3   2   1     1.335   116.600   180.000  -0.27200 
   6  CA    CH    M    4   3   2     1.449   121.900   180.000   0.23700 
   7  CB    C2    S    6   4   3     1.525   111.100    60.000   0.04900 
   8  CG    C2    S    7   6   4     1.525   109.470   180.000   0.05800 
   9  CD    C2    S    8   7   6     1.525   109.470   180.000   0.11100  
  10  NE    N2    B    9   8   7     1.480   111.000   180.000  -0.19900 
  11  CZ    CA    B   10   9   8     1.330   123.000   180.000   0.81300 
  12  NH1   N2    B   12  10   9     1.330   122.000     0.000   0.08850 
  13  NH2   N2    B   12  10   9     1.330   118.000   180.000   0.08850 
  14  C     C     M    6   4   3     1.522   111.100   180.000   0.52600 
  15  O     O     E   19   6   4     1.229   120.500     0.000  -0.50000 
#HIS 
   5  N     N     M    3   2   1     1.335   116.600   180.000  -0.27200 
   6  CA    CH    M    4   3   2     1.449   121.900   180.000   0.21900 
   7  CB    C2    S    6   4   3     1.525   111.100    60.000   0.06000 
   8  CG    CC    S    7   6   4     1.510   115.000   180.000   0.08900 
   9  ND1   NA    B    8   7   6     1.390   122.000   180.000  -0.12400 
  11  CE1   CP    S    9   8   7     1.320   108.000   180.000   0.38400 
  12  NE2   NB    S   11   9   8     1.310   109.000     0.000  -0.52700 
  13  CD2   CF    E   12  11   9     1.360   110.000     0.000   0.14500 
  14  C     C     M    6   4   3     1.522   111.100   180.000   0.52600 
  15  O     O     E   14   6   4     1.229   120.500     0.000  -0.50000 
#TRP 
   5  N     N     M    3   2   1     1.335   116.600   180.000  -0.27200 
   6  CA    CH    M    4   3   2     1.449   121.900   180.000   0.24800 
   7  CB    C2    S    6   4   3     1.525   111.100    60.000   0.02000 
   8  CG    C*    S    7   6   4     1.510   115.000   180.000   0.04600 
   9  CD1   CG    S    8   7   6     1.340   127.000   180.000   0.11700 
  10  NE1   NA    B    9   8   7     1.430   107.000   180.000  -0.03600 
  11  CE2   CN    S   10   9   8     1.310   109.000     0.000   0.00000 
  12  CZ2   CD    S   12  10   9     1.400   128.000   180.000   0.02900 
  13  CH2   CD    S   13  12  10     1.390   116.000   180.000   0.03400 
  14  CZ3   CD    S   14  13  12     1.350   121.000     0.000  -0.08200 
  15  CE3   CD    S   15  14  13     1.410   122.000     0.000   0.14500 
  16  CD2   CB    E   16  15  14     1.400   117.000     0.000  -0.27500 
  17  C     C     M    6   4   3     1.522   111.100   180.000   0.52600 
  18  O     O     E   18   6   4     1.229   120.500     0.000  -0.50000 
#PHE 
   5  N     N     M    3   2   1     1.335   116.600   180.000  -0.27200 
   6  CA    CH    M    4   3   2     1.449   121.900   180.000   0.21400 
   7  CB    C2    S    6   4   3     1.525   111.100    60.000   0.03800 
   8  CG    CA    S    7   6   4     1.510   115.000   180.000   0.01100 
   9  CD1   CD    S    8   7   6     1.400   120.000   180.000  -0.01100 
  10  CE1   CD    S    9   8   7     1.400   120.000   180.000   0.00400 
  11  CZ    CD    S   10   9   8     1.400   120.000     0.000  -0.00300 
  12  CE2   CD    S   11  10   9     1.400   120.000     0.000   0.00400 
  13  CD2   CD    E   12  11  10     1.400   120.000     0.000  -0.01100 
  14  C     C     M    6   4   3     1.522   111.100   180.000   0.52600 
  15  O     O     E   14   6   4     1.229   120.500     0.000  -0.50000 
#TYR 
   5  N     N     M    3   2   1     1.335   116.600   180.000  -0.27200 
   6  CA    CH    M    4   3   2     1.449   121.900   180.000   0.24500 
   7  CB    C2    S    6   4   3     1.525   111.100    60.000   0.02200 
   8  CG    CA    S    7   6   4     1.510   109.470   180.000  -0.00100 
   9  CD1   CD    S    8   7   6     1.400   120.000   180.000  -0.03500 
  10  CE1   CD    S    9   8   7     1.400   120.000   180.000   0.10000 
  11  CZ    C     B   10   9   8     1.400   120.000     0.000  -0.12100 
  12  OH    OH    S   11  10   9     1.360   120.000   180.000  -0.02900 
  13  CE2   CD    S   11  10   9     1.400   120.000     0.000   0.10000 
  14  CD2   CD    E   14  11  10     1.400   120.000     0.000  -0.03500 
  15  C     C     M    6   4   3     1.522   111.100   180.000   0.52600 
  16  O     O     E   16   6   4     1.229   120.500     0.000  -0.50000 
#GLU 
   5  N     N     M    3   2   1     1.335   116.600   180.000  -0.27200 
   6  CA    CH    M    4   3   2     1.449   121.900   180.000   0.24600 
   7  CB    C2    S    6   4   3     1.525   111.100    60.000   0.00000 
   8  CG    C2    S    7   6   4     1.510   109.470   180.000  -0.20800 
   9  CD    C     B    8   7   6     1.527   109.470   180.000   0.62000 
  10  OE1   O2    E    9   8   7     1.260   117.200    90.000  -0.70600 
  11  OE2   O2    E    9   8   7     1.260   117.200   270.000  -0.70600 
  12  C     C     M    6   4   3     1.522   111.100   180.000   0.52600 
  13  O     O     E   12   6   4     1.229   120.500     0.000  -0.50000 
#GLH 
   5  N     N     M    3   2   1     1.335   116.600   180.000  -0.27200 
   6  CA    CH    M    4   3   2     1.449   121.900   180.000   0.24600 
   7  CB    C2    S    6   4   3     1.525   111.100    60.000   0.00000 
   8  CG    C2    S    7   6   4     1.510   109.470   180.000  -0.20800 
   9  CD    C     B    8   7   6     1.527   109.470   180.000   0.62000 
  10  OE1   OH	  S    7   6   4     1.430   109.470   180.000  -0.24000 
  11  OE2   OH	  S    7   6   4     1.430   109.470   180.000  -0.24000 
  12  C     C     M    6   4   3     1.522   111.100   180.000   0.52600 
  13  O     O     E   12   6   4     1.229   120.500     0.000  -0.50000
#ASP 
   5  N     N     M    3   2   1     1.335   116.600   180.000  -0.27200 
   6  CA    CH    M    4   3   2     1.449   121.900   180.000   0.24600 
   7  CB    C2    S    6   4   3     1.525   111.100    60.000  -0.20800 
   8  CG    C     B    7   6   4     1.527   109.470   180.000   0.62000 
   9  OD1   O2    E    8   7   6     1.260   117.200    90.000  -0.70600 
  10  OD2   O2    E    8   7   6     1.260   117.200   270.000  -0.70600 
  11  C     C     M    6   4   3     1.522   111.100   180.000   0.52600 
  12  O     O     E   11   6   4     1.229   120.500     0.000  -0.50000 
#ASH 
   5  N     N     M    3   2   1     1.335   116.600   180.000  -0.27200 
   6  CA    CH    M    4   3   2     1.449   121.900   180.000   0.24600 
   7  CB    C2    S    6   4   3     1.525   111.100    60.000  -0.20800 
   8  CG    C     B    7   6   4     1.527   109.470   180.000   0.62000 
   9  OD1   OH	  S    7   6   4     1.430   109.470   180.000  -0.24000 
  10  OD2   OH	  S    7   6   4     1.430   109.470   180.000  -0.24000 
  11  C     C     M    6   4   3     1.522   111.100   180.000   0.52600 
  12  O     O     E   11   6   4     1.229   120.500     0.000  -0.50000
#LYS 
   5  N     N     M    3   2   1     1.335   116.600   180.000  -0.27200 
   6  CA    CH    M    4   3   2     1.449   121.900   180.000   0.22700 
   7  CB    C2    S    6   4   3     1.525   111.100    60.000   0.03900 
   8  CG    C2    S    7   6   4     1.525   109.470   180.000   0.05300 
   9  CD    C2    S    8   7   6     1.525   109.470   180.000   0.04800 
  10  CE    C2    S    9   8   7     1.525   109.470   180.000   0.21800 
  11  NZ    N3    3   10   9   8     1.470   109.470   180.000   0.66000 
  15  C     C     M    6   4   3     1.522   111.100   180.000   0.52600 
  16  O     O     E   15   6   4     1.229   120.500     0.000  -0.50000 
#PRO 
   5  N     N     M    3   2   1     1.337   117.000   180.000  -0.25700
   6  CD    C2    E    6   5   4     1.510   106.000   338.300  -0.00100
   7  CG    C2    S    5   4   3     1.500   103.200   200.100   0.03600 
   8  CB    C2    E    6   5   4     1.510   106.000   338.300  -0.00100 
   9  CA    CH    M    4   3   2     1.451   120.600   175.200   0.11200 
  10  C     C     M    8   4   3     1.522   111.100     0.000   0.52600 
  11  O     O     E    9   8   4     1.229   120.500     0.000  -0.50000 
#HYP 
   5  N     N     M    3   2   1     1.337   117.000   180.000  -0.25700 
   6  CD    C2    E    6   5   4     1.510   106.000   338.300  -0.00100
   7  CG    C2    S    5   4   3     1.500   103.200   200.100   0.03600 
   8  OD1   OH	  S    7   6   4     1.430   109.470   180.000  -0.24000
   9  CB    C2    E    6   5   4     1.510   106.000   338.300  -0.00100 
  10  CA    CH    M    4   3   2     1.451   120.600   175.200   0.11200 
  11  C     C     M    8   4   3     1.522   111.100     0.000   0.52600 
  12  O     O     E    9   8   4     1.229   120.500     0.000  -0.50000
#CYS 
   5  N     N     M    3   2   1     1.335   116.600   180.000  -0.27200 
   6  CA    CH    M    4   3   2     1.449   121.900   180.000   0.14600 
   7  CB    C2    S    6   4   3     1.525   111.100    60.000   0.10000 
   8  SG    SH    3    7   6   4     1.810   116.000   180.000   0.00000 
   9  C     C     M    6   4   3     1.522   111.100   180.000   0.52600 
  10  O     O     E   12   6   4     1.229   120.500     0.000  -0.50000 
#MET  
   5  N     N     M    3   2   1     1.335   116.600   180.000  -0.27200 
   6  CA    CH    M    4   3   2     1.449   121.900   180.000   0.13700 
   7  CB    C2    S    6   4   3     1.525   111.100    60.000   0.03700 
   8  CG    C2    S    7   6   4     1.525   109.470   180.000   0.09000 
   9  SD    S     3    8   7   6     1.810   110.000   180.000  -0.02500 
  10  CE    C3    E    9   8   7     1.780   100.000   180.000   0.00700 
  11  C     C     M    6   4   3     1.522   111.100   180.000   0.52600 
  12  O     O     E   13   6   4     1.229   120.500     0.000  -0.50000
#SED
   5  N     N     M    3   2   1     1.335   116.600   180.000  -0.27200 
   6  CA    CH    M    4   3   2     1.449   121.900   180.000   0.29200 
   7  CB    C2    S    6   4   3     1.525   111.100    60.000   0.19400 
   8  OG    OH    S    7   6   4     1.430   109.470   180.000  -0.24000 
  10  C     C     M    6   4   3     1.522   111.100   180.000   0.52600 
  11  O     O     E   10   6   4     1.229   120.500     0.000  -0.50000 
#THD 
   5  N     N     M    3   2   1     1.335   116.600   180.000  -0.27200 
   6  CA    CH    M    4   3   2     1.449   121.900   180.000   0.26800 
   7  CB    CH    B    6   4   3     1.525   111.100    60.000   0.21100 
   8  CG2   C3    E    7   6   4     1.525   109.470   300.000   0.00700 
   9  OG1   OH    S    7   6   4     1.430   109.470    60.000  -0.24000 
  11  C     C     M    6   4   3     1.522   111.100   180.000   0.52600 
  12  O     O     E   11   6   4     1.229   120.500     0.000  -0.50000 
#LED 
   5  N     N     M    3   2   1     1.335   116.600   180.000  -0.27200 
   6  CA    CH    M    4   3   2     1.449   121.900   180.000   0.20400 
   7  CB    C2    S    6   4   3     1.525   111.100    60.000   0.01600 
   8  CG    CH    B    7   6   4     1.525   109.470   180.000   0.05400 
   9  CD1   C3    E    8   7   6     1.525   109.470    60.000  -0.01400 
  10  CD2   C3    E    8   7   6     1.525   109.470   180.000  -0.01400 
  11  C     C     M    6   4   3     1.522   111.100   180.000   0.52600 
  12  O     O     E   11   6   4     1.229   120.500     0.000  -0.50000 
#ILD 
   5  N     N     M    3   2   1     1.335   116.600   180.000  -0.27200 
   6  CA    CH    M    4   3   2     1.449   121.900   180.000   0.19900 
   7  CB    CH    B    6   4   3     1.525   109.470    60.000   0.03000 
   8  CG2   C3    E    7   6   4     1.525   109.470    60.000   0.00100 
   9  CG1   C2    S    7   6   4     1.525   109.470   180.000   0.01700 
  10  CD1   C3    E    9   7   6     1.525   109.470   180.000  -0.00100 
  11  C     C     M    6   4   3     1.522   111.100   180.000   0.52600 
  12  O     O     E   11   6   4     1.229   120.500     0.000  -0.50000 
#VAD 
   5  N     N     M    3   2   1     1.335   116.600   180.000  -0.27200 
   6  CA    CH    M    4   3   2     1.449   121.900   180.000   0.20100 
   7  CB    CH    B    6   4   3     1.525   111.100    60.000   0.03300 
   8  CG1   C3    E    7   6   4     1.525   109.470    60.000   0.00600 
   9  CG2   C3    E    7   6   4     1.525   109.470   180.000   0.00600 
  10  C     C     M    6   4   3     1.522   111.100   180.000   0.52600 
  11  O     O     E   10   6   4     1.229   120.500     0.000  -0.50000 
#AND 
   5  N     N     M    3   2   1     1.335   116.600   180.000  -0.27200 
   6  CA    CH    M    4   3   2     1.449   121.900   180.000   0.21700 
   7  CB    C2    S    6   4   3     1.525   111.100    60.000   0.00300 
   8  CG    C     B    7   6   4     1.522   111.100   180.000   0.67500 
   9  OD1   O     E    8   7   6     1.229   120.500     0.000  -0.47000 
  10  ND2   N     B    8   7   6     1.335   116.600   180.000  -0.17900 
  11  C     C     M    6   4   3     1.522   111.100   180.000   0.52600 
  12  O     O     E   13   6   4     1.229   120.500     0.000  -0.50000 
#GND 
   5  N     N     M    3   2   1     1.335   116.600   180.000  -0.27200 
   6  CA    CH    M    4   3   2     1.449   121.900   180.000   0.21000 
   7  CB    C2    S    6   4   3     1.525   111.100    60.000   0.05300 
   8  CG    C2    S    7   6   4     1.525   109.470   180.000  -0.04300 
   9  CD    C     B    8   7   6     1.522   111.100   180.000   0.67500 
  10  OE1   O     E    9   8   7     1.229   120.500     0.000  -0.47000 
  11  NE2   N     B    9   8   7     1.335   116.600   180.000  -0.17900 
  12  C     C     M    6   4   3     1.522   111.100   180.000   0.52600 
  13  O     O     E   14   6   4     1.229   120.500     0.000  -0.50000 
#ARD 
   5  N     N     M    3   2   1     1.335   116.600   180.000  -0.27200 
   6  CA    CH    M    4   3   2     1.449   121.900   180.000   0.23700 
   7  CB    C2    S    6   4   3     1.525   111.100    60.000   0.04900 
   8  CG    C2    S    7   6   4     1.525   109.470   180.000   0.05800 
   9  CD    C2    S    8   7   6     1.525   109.470   180.000   0.11100  
  10  NE    N2    B    9   8   7     1.480   111.000   180.000  -0.19900 
  11  CZ    CA    B   10   9   8     1.330   123.000   180.000   0.81300 
  12  NH1   N2    B   12  10   9     1.330   122.000     0.000   0.08850 
  13  NH2   N2    B   12  10   9     1.330   118.000   180.000   0.08850 
  14  C     C     M    6   4   3     1.522   111.100   180.000   0.52600 
  15  O     O     E   19   6   4     1.229   120.500     0.000  -0.50000 
#HSD 
   5  N     N     M    3   2   1     1.335   116.600   180.000  -0.27200 
   6  CA    CH    M    4   3   2     1.449   121.900   180.000   0.21900 
   7  CB    C2    S    6   4   3     1.525   111.100    60.000   0.06000 
   8  CG    CC    S    7   6   4     1.510   115.000   180.000   0.08900 
   9  ND1   NA    B    8   7   6     1.390   122.000   180.000  -0.12400 
  11  CE1   CP    S    9   8   7     1.320   108.000   180.000   0.38400 
  12  NE2   NB    S   11   9   8     1.310   109.000     0.000  -0.52700 
  13  CD2   CF    E   12  11   9     1.360   110.000     0.000   0.14500 
  14  C     C     M    6   4   3     1.522   111.100   180.000   0.52600 
  15  O     O     E   14   6   4     1.229   120.500     0.000  -0.50000 
#TRD 
   5  N     N     M    3   2   1     1.335   116.600   180.000  -0.27200 
   6  CA    CH    M    4   3   2     1.449   121.900   180.000   0.24800 
   7  CB    C2    S    6   4   3     1.525   111.100    60.000   0.02000 
   8  CG    C*    S    7   6   4     1.510   115.000   180.000   0.04600 
   9  CD1   CG    S    8   7   6     1.340   127.000   180.000   0.11700 
  10  NE1   NA    B    9   8   7     1.430   107.000   180.000  -0.03600 
  11  CE2   CN    S   10   9   8     1.310   109.000     0.000   0.00000 
  12  CZ2   CD    S   12  10   9     1.400   128.000   180.000   0.02900 
  13  CH2   CD    S   13  12  10     1.390   116.000   180.000   0.03400 
  14  CZ3   CD    S   14  13  12     1.350   121.000     0.000  -0.08200 
  15  CE3   CD    S   15  14  13     1.410   122.000     0.000   0.14500 
  16  CD2   CB    E   16  15  14     1.400   117.000     0.000  -0.27500 
  17  C     C     M    6   4   3     1.522   111.100   180.000   0.52600 
  18  O     O     E   18   6   4     1.229   120.500     0.000  -0.50000 
#PHD 
   5  N     N     M    3   2   1     1.335   116.600   180.000  -0.27200 
   6  CA    CH    M    4   3   2     1.449   121.900   180.000   0.21400 
   7  CB    C2    S    6   4   3     1.525   111.100    60.000   0.03800 
   8  CG    CA    S    7   6   4     1.510   115.000   180.000   0.01100 
   9  CD1   CD    S    8   7   6     1.400   120.000   180.000  -0.01100 
  10  CE1   CD    S    9   8   7     1.400   120.000   180.000   0.00400 
  11  CZ    CD    S   10   9   8     1.400   120.000     0.000  -0.00300 
  12  CE2   CD    S   11  10   9     1.400   120.000     0.000   0.00400 
  13  CD2   CD    E   12  11  10     1.400   120.000     0.000  -0.01100 
  14  C     C     M    6   4   3     1.522   111.100   180.000   0.52600 
  15  O     O     E   14   6   4     1.229   120.500     0.000  -0.50000 
#TYD 
   5  N     N     M    3   2   1     1.335   116.600   180.000  -0.27200 
   6  CA    CH    M    4   3   2     1.449   121.900   180.000   0.24500 
   7  CB    C2    S    6   4   3     1.525   111.100    60.000   0.02200 
   8  CG    CA    S    7   6   4     1.510   109.470   180.000  -0.00100 
   9  CD1   CD    S    8   7   6     1.400   120.000   180.000  -0.03500 
  10  CE1   CD    S    9   8   7     1.400   120.000   180.000   0.10000 
  11  CZ    C     B   10   9   8     1.400   120.000     0.000  -0.12100 
  12  OH    OH    S   11  10   9     1.360   120.000   180.000  -0.02900 
  13  CE2   CD    S   11  10   9     1.400   120.000     0.000   0.10000 
  14  CD2   CD    E   14  11  10     1.400   120.000     0.000  -0.03500 
  15  C     C     M    6   4   3     1.522   111.100   180.000   0.52600 
  16  O     O     E   16   6   4     1.229   120.500     0.000  -0.50000 
#GUD 
   5  N     N     M    3   2   1     1.335   116.600   180.000  -0.27200 
   6  CA    CH    M    4   3   2     1.449   121.900   180.000   0.24600 
   7  CB    C2    S    6   4   3     1.525   111.100    60.000   0.00000 
   8  CG    C2    S    7   6   4     1.510   109.470   180.000  -0.20800 
   9  CD    C     B    8   7   6     1.527   109.470   180.000   0.62000 
  10  OE1   O2    E    9   8   7     1.260   117.200    90.000  -0.70600 
  11  OE2   O2    E    9   8   7     1.260   117.200   270.000  -0.70600 
  12  C     C     M    6   4   3     1.522   111.100   180.000   0.52600 
  13  O     O     E   12   6   4     1.229   120.500     0.000  -0.50000 
#GHD 
   5  N     N     M    3   2   1     1.335   116.600   180.000  -0.27200 
   6  CA    CH    M    4   3   2     1.449   121.900   180.000   0.24600 
   7  CB    C2    S    6   4   3     1.525   111.100    60.000   0.00000 
   8  CG    C2    S    7   6   4     1.510   109.470   180.000  -0.20800 
   9  CD    C     B    8   7   6     1.527   109.470   180.000   0.62000 
  10  OE1   O2    E    9   8   7     1.260   117.200    90.000  -0.70600 
  11  OE2   OH	   S    7   6   4     1.430   109.470   180.000  -0.24000 
  12  C     C     M    6   4   3     1.522   111.100   180.000   0.52600 
  13  O     O     E   12   6   4     1.229   120.500     0.000  -0.50000
#APD 
   5  N     N     M    3   2   1     1.335   116.600   180.000  -0.27200 
   6  CA    CH    M    4   3   2     1.449   121.900   180.000   0.24600 
   7  CB    C2    S    6   4   3     1.525   111.100    60.000  -0.20800 
   8  CG    C     B    7   6   4     1.527   109.470   180.000   0.62000 
   9  OD1   O2    E    8   7   6     1.260   117.200    90.000  -0.70600 
  10  OD2   O2    E    8   7   6     1.260   117.200   270.000  -0.70600 
  11  C     C     M    6   4   3     1.522   111.100   180.000   0.52600 
  12  O     O     E   11   6   4     1.229   120.500     0.000  -0.50000 
#AHD 
   5  N     N     M    3   2   1     1.335   116.600   180.000  -0.27200 
   6  CA    CH    M    4   3   2     1.449   121.900   180.000   0.24600 
   7  CB    C2    S    6   4   3     1.525   111.100    60.000  -0.20800 
   8  CG    C     B    7   6   4     1.527   109.470   180.000   0.62000 
   9  OD1   O2    E    8   7   6     1.260   117.200    90.000  -0.70600 
  10  OD2   OH	   S    7   6   4     1.430   109.470   180.000  -0.24000 
  11  C     C     M    6   4   3     1.522   111.100   180.000   0.52600 
  12  O     O     E   11   6   4     1.229   120.500     0.000  -0.50000
#LYD 
   5  N     N     M    3   2   1     1.335   116.600   180.000  -0.27200 
   6  CA    CH    M    4   3   2     1.449   121.900   180.000   0.22700 
   7  CB    C2    S    6   4   3     1.525   111.100    60.000   0.03900 
   8  CG    C2    S    7   6   4     1.525   109.470   180.000   0.05300 
   9  CD    C2    S    8   7   6     1.525   109.470   180.000   0.04800 
  10  CE    C2    S    9   8   7     1.525   109.470   180.000   0.21800 
  11  NZ    N3    3   10   9   8     1.470   109.470   180.000   0.66000 
  15  C     C     M    6   4   3     1.522   111.100   180.000   0.52600 
  16  O     O     E   15   6   4     1.229   120.500     0.000  -0.50000 
#PRD 
   5  N     N     M    3   2   1     1.337   117.000   180.000  -0.25700 
   6  CG    C2    S    5   4   3     1.500   103.200   200.100   0.03600 
   7  CB    C2    E    6   5   4     1.510   106.000   338.300  -0.00100 
   8  CA    CH    M    4   3   2     1.451   120.600   175.200   0.11200 
   9  C     C     M    8   4   3     1.522   111.100     0.000   0.52600 
  10  O     O     E    9   8   4     1.229   120.500     0.000  -0.50000 
#HYD 
   5  N     N     M    3   2   1     1.337   117.000   180.000  -0.25700 
   6  CG    C2    S    5   4   3     1.500   103.200   200.100   0.03600 
   7  OD1   OH    S    8   6   4     1.090   109.500   320.000  -0.24000
   8  CB    C2    E    6   5   4     1.510   106.000   338.300  -0.00100 
   9  CA    CH    M    4   3   2     1.451   120.600   175.200   0.11200 
  10  C     C     M    8   4   3     1.522   111.100     0.000   0.52600 
  11  O     O     E    9   8   4     1.229   120.500     0.000  -0.50000
#CYD 
   5  N     N     M    3   2   1     1.335   116.600   180.000  -0.27200 
   6  CA    CH    M    4   3   2     1.449   121.900   180.000   0.14600 
   7  CB    C2    S    6   4   3     1.525   111.100    60.000   0.10000 
   8  SG    SH    3    7   6   4     1.810   116.000   180.000   0.00000 
   9  C     C     M    6   4   3     1.522   111.100   180.000   0.52600 
  10  O     O     E   12   6   4     1.229   120.500     0.000  -0.50000 
#MED  
   5  N     N     M    3   2   1     1.335   116.600   180.000  -0.27200 
   6  CA    CH    M    4   3   2     1.449   121.900   180.000   0.13700 
   7  CB    C2    S    6   4   3     1.525   111.100    60.000   0.03700 
   8  CG    C2    S    7   6   4     1.525   109.470   180.000   0.09000 
   9  SD    S     3    8   7   6     1.810   110.000   180.000  -0.02500 
  10  CE    C3    E    9   8   7     1.780   100.000   180.000   0.00700 
  11  C     C     M    6   4   3     1.522   111.100   180.000   0.52600 
  12  O     O     E   13   6   4     1.229   120.500     0.000  -0.50000 
