#ALA  INT     1                                                 
   4  N     N     M    3   2   1     1.335   116.600   180.000  -0.40477 
   5  H     H     E    4   3   2     1.010   119.800     0.000   0.29427 
   6  CA    CT    M    4   3   2     1.449   121.900   180.000  -0.00863 
   7  HA    H1    E    6   4   3     1.090   109.500   300.000   0.10518 
   8  CB    C3    3    6   4   3     1.525   111.100    60.000  -0.00114 
   9  C     C     E    8   6   4     1.090   109.500    60.000   0.57022 
  10  O     O     E    8   6   4     1.090   109.500   180.000  -0.55512 
#GLY  INT     1                                                         
   4  N     N     M    3   2   1     1.335   116.600   180.000  -0.37215 
   5  H     H     E    4   3   2     1.010   119.800     0.000   0.28925 
   6  CA    CT    M    4   3   2     1.449   121.900   180.000  -0.13146 
   7  HA2   H0    E    6   4   3     1.090   109.500   300.000   0.10213  
   8  HA3   H0    E    6   4   3     1.090   109.500    60.000   0.10213 
   9  C     C     M    6   4   3     1.522   110.400   180.000   0.57504 
  10  O     O     E    9   6   4     1.229   120.500     0.000  -0.56496 
#SER  INT     1                                                         
   4  N     N     M    3   2   1     1.335   116.600   180.000  -0.43102 
   5  H     H     E    4   3   2     1.010   119.800     0.000   0.28142 
   6  CA    CT    M    4   3   2     1.449   121.900   180.000  -0.01589 
   7  HA    H1    E    6   4   3     1.090   109.500   300.000   0.13020 
   8  CB    C2    3    6   4   3     1.525   111.100    60.000   0.22975 
   9  OG    OH    E    8   6   4     1.090   109.500   300.000  -0.62464 
  10  HG    HO    E    8   6   4     1.090   109.500    60.000   0.41805 
  11  C     C     S    8   6   4     1.430   109.470   180.000   0.57763 
  12  O     O     E   11   8   6     0.960   109.470   180.000  -0.56551 
#THR  INT     1                                                       
   4  N     N     M    3   2   1     1.335   116.600   180.000  -0.24538 
   5  H     H     E    4   3   2     1.010   119.800     0.000   0.25533 
   6  CA    CT    M    4   3   2     1.449   121.900   180.000  -0.27312 
   7  HA    H1    E    6   4   3     1.090   109.500   300.000   0.16850 
   8  CB    C1    3    6   4   3     1.525   111.100    60.000   0.27456 
   9  CG2   C3    E    8   6   4     1.090   109.500   180.000   0.02800 
  10  OG1   OH    3    8   6   4     1.525   109.470   300.000  -0.63191 
  11  HG1   HO    E   10   8   6     1.090   109.500    60.000   0.41614 
  12  C     C     E   10   8   6     1.090   109.500   180.000   0.55987 
  13  O     O     E   10   8   6     1.090   109.500   300.000  -0.55202 
#LEU  INT     1                                                 
   4  N     N     M    3   2   1     1.335   116.600   180.000  -0.35515 
   5  H     H     E    4   3   2     1.010   119.800     0.000   0.26241 
   6  CA    CT    M    4   3   2     1.449   121.900   180.000  -0.11223 
   7  HA    H1    E    6   4   3     1.090   109.500   300.000   0.14479 
   8  CB    C2    3    6   4   3     1.525   111.100    60.000   0.00254 
   9  CG    C1    E    8   6   4     1.090   109.500   300.000   0.10614 
  10  CD1   C3    E    8   6   4     1.090   109.500    60.000  -0.03206 
  11  CD2   C3    3    8   6   4     1.525   109.470   180.000  -0.03206 
  12  C     C     E   11   8   6     1.090   109.500   300.000   0.57347 
  13  O     O     3   11   8   6     1.525   109.470    60.000  -0.55784 
#ILE  INT     1                                                  
   4  N     N     M    3   2   1     1.335   116.600   180.000  -0.38243 
   5  H     H     E    4   3   2     1.010   119.800     0.000   0.26789 
   6  CA    CT    M    4   3   2     1.449   121.900   180.000  -0.16107 
   7  HA    H1    E    6   4   3     1.090   109.500   300.000   0.11439 
   8  CB    C1    3    6   4   3     1.525   109.470    60.000   0.08880 
   9  CG2   C3    E    8   6   4     1.090   109.500   300.000  -0.02277 
  10  CG1   C2    3    8   6   4     1.525   109.470    60.000   0.04397 
  11  CD1   C3    E   10   8   6     1.090   109.500    60.000  -0.02277 
  12  C     C     E   10   8   6     1.090   109.500   180.000   0.67045 
  13  O     O     E   10   8   6     1.090   109.500   300.000  -0.59646  
#VAL  INT     1                                               
   4  N     N     M    3   2   1     1.335   116.600   180.000  -0.35340 
   5  H     H     E    4   3   2     1.010   119.800     0.000   0.26300 
   6  CA    CT    M    4   3   2     1.449   121.900   180.000   0.17263 
   7  HA    H1    E    6   4   3     1.090   109.500   300.000  -0.07199 
   8  CB    C1    3    6   4   3     1.525   111.100    60.000   0.02801 
   9  CG1   C3    E    8   6   4     1.090   109.500   300.000  -0.02582 
  10  CG2   C3    3    8   6   4     1.525   109.470    60.000  -0.02582 
  11  C     C     E   10   8   6     1.090   109.500    60.000   0.55636 
  12  O     O     E   10   8   6     1.090   109.500   180.000  -0.54297 
#ASN  INT     1                                                  
   4  N     N     M    3   2   1     1.335   116.600   180.000  -0.39468 
   5  H     H     E    4   3   2     1.010   119.800     0.000   0.27294 
   6  CA    CT    M    4   3   2     1.449   121.900   180.000   0.02934 
   7  HA    H1    E    6   4   3     1.090   109.500   300.000   0.07176 
   8  CB    C2    3    6   4   3     1.525   111.100    60.000   0.02914 
   9  CG    C     E    8   6   4     1.090   109.500   300.000   0.62488 
  10  OD1   O     E    8   6   4     1.090   109.500    60.000  -0.58281 
  11  ND2   N     B    8   6   4     1.522   111.100   180.000  -0.87751 
  12  HD21  H     E   11   8   6     1.229   120.500     0.000   0.39630 
  13  HD22  H     B   11   8   6     1.335   116.600   180.000   0.39630 
  14  C     C     E   13  11   8     1.010   119.800   180.000   0.60820 
  15  O     O     E   13  11   8     1.010   119.800     0.000  -0.57386 
#GLN  INT     1                                                  
   4  N     N     M    3   2   1     1.335   116.600   180.000  -0.29523 
   5  H     H     E    4   3   2     1.010   119.800     0.000   0.24272 
   6  CA    CT    M    4   3   2     1.449   121.900   180.000  -0.06617 
   7  HA    H1    E    6   4   3     1.090   109.500   300.000   0.10391 
   8  CB    C2    3    6   4   3     1.525   111.100    60.000   0.00981 
   9  CG    C2    E    8   6   4     1.090   109.500   300.000   0.06275 
  10  CD    C     E    8   6   4     1.090   109.500    60.000   0.63718 
  11  OE1   O     3    8   6   4     1.525   109.470   180.000  -0.58132 
  12  NE2   N     E   11   8   6     1.090   109.500   300.000  -0.87500 
  13  HE21  H     E   11   8   6     1.090   109.500    60.000   0.39338 
  14  HE22  H     B   11   8   6     1.522   111.100   180.000   0.39338 
  15  C     C     E   14  11   8     1.229   120.500     0.000   0.52061 
  16  O     O     B   14  11   8     1.335   116.600   180.000  -0.54604 
#ARG  INT     1                                                 
   4  N     N     M    3   2   1     1.335   116.600   180.000  -0.32324 
   5  H     H     E    4   3   2     1.010   119.800     0.000   0.26170 
   6  CA    CT    M    4   3   2     1.449   121.900   180.000  -0.13127 
   7  HA    H1    E    6   4   3     1.090   109.500   300.000   0.08028 
   8  CB    C2    3    6   4   3     1.525   111.100    60.000   0.10265 
   9  CG    C2    E    8   6   4     1.090   109.500   300.000  -0.04058 
  10  CD    C2    E    8   6   4     1.090   109.500    60.000   0.35775 
  11  NE    N2    3    8   6   4     1.525   109.470   180.000  -0.52385 
  12  HE    H     E   11   8   6     1.090   109.500   300.000   0.35584 
  13  CZ    CA    E   11   8   6     1.090   109.500    60.000   0.57732 
  14  NH1   N2    3   11   8   6     1.525   109.470   180.000  -0.70678 
  15  HH11  H     E   14  11   8     1.090   109.500   300.000   0.40407 
  16  HH12  H     E   14  11   8     1.090   109.500    60.000   0.40407 
  17  NH2   N2    B   14  11   8     1.480   111.000   180.000  -0.70678 
  18  HH21  H     E   17  14  11     1.010   118.500     0.000   0.40407 
  19  HH22  H     B   17  14  11     1.330   123.000   180.000   0.40407 
  20  C     C     B   19  17  14     1.330   122.000     0.000   0.69224 
  21  O     O     E   20  19  17     1.010   119.800     0.000  -0.61156 
#HID  INT     1                                                  
   4  N     N     M    3   2   1     1.335   116.600   180.000  -0.48569 
   5  H     H     E    4   3   2     1.010   119.800     0.000   0.29848 
   6  CA    CT    M    4   3   2     1.449   121.900   180.000   0.09313 
   7  HA    H1    E    6   4   3     1.090   109.500   300.000   0.06160 
   8  CB    C2    3    6   4   3     1.525   111.100    60.000   0.05623 
   9  CG    CC    E    8   6   4     1.090   109.500   300.000  -0.02132 
  10  ND1   NA    E    8   6   4     1.090   109.500    60.000  -0.23704 
  11  HD1   H     S    8   6   4     1.510   115.000   180.000   0.29188 
  12  CE1   CR    B   11   8   6     1.390   122.000   180.000   0.16141 
  13  HE1   H5    E   12  11   8     1.010   126.000     0.000   0.10897 
  14  NE2   NB    B   12  11   8     1.320   108.000   180.000  -0.55849 
  15  CD2   CV    E   14  12  11     1.090   120.000   180.000   0.06160 
  16  HD2   H4    S   14  12  11     1.310   109.000     0.000   0.10181 
  17  C     C     S   16  14  12     1.360   110.000     0.000   0.65639 
  18  O     O     E   17  16  14     1.090   120.000   180.000  -0.58898 
#HIE  INT     1                                                  
   4  N     N     M    3   2   1     1.335   116.600   180.000  -0.45252 
   5  H     H     E    4   3   2     1.010   119.800     0.000   0.30541 
   6  CA    CT    M    4   3   2     1.449   121.900   180.000  -0.00942 
   7  HA    H1    E    6   4   3     1.090   109.500   300.000   0.11513 
   8  CB    C2    3    6   4   3     1.525   111.100    60.000   0.05095 
   9  CG    CC    E    8   6   4     1.090   109.500   300.000   0.22000 
  10  ND1   NB    E    8   6   4     1.090   109.500    60.000  -0.51018 
  11  CE1   CR    S    8   6   4     1.510   115.000   180.000   0.05939 
  12  HE1   H5    S   11   8   6     1.390   122.000   180.000   0.12716 
  13  NE2   NA    B   12  11   8     1.320   108.000   180.000  -0.08563 
  14  HE2   H     E   13  12  11     1.090   120.000   180.000   0.28282 
  15  CD2   CW    B   13  12  11     1.310   109.000     0.000  -0.28815 
  16  HD2   H4    E   15  13  12     1.010   125.000   180.000   0.15875 
  17  C     C     S   15  13  12     1.360   110.000     0.000   0.60187 
  18  O     O     E   17  15  13     1.090   120.000   180.000  -0.57559 
#HIN  INT     1
   4  N     N     M    3   2   1     1.335   116.600   180.000  -0.45252
   5  H     H     E    4   3   2     1.010   119.800     0.000   0.30541
   6  CA    CT    M    4   3   2     1.449   121.900   180.000  -0.00942
   7  HA    H1    E    6   4   3     1.090   109.500   300.000   0.11513
   8  CB    C2    3    6   4   3     1.525   111.100    60.000   0.05095
   9  CG    CC    E    8   6   4     1.090   109.500   300.000   0.22000
  10  ND1   NB    E    8   6   4     1.090   109.500    60.000  -0.51018
  11  CE1   CR    S    8   6   4     1.510   115.000   180.000   0.05939
  12  HE1   H5    S   11   8   6     1.390   122.000   180.000   0.12716
  13  NE2   NA    B   12  11   8     1.320   108.000   180.000  -0.51018
  14  CD2   CW    B   13  12  11     1.310   109.000     0.000  -0.28815
  15  HD2   H4    E   15  13  12     1.010   125.000   180.000   0.15875
  16  C     C     S   15  13  12     1.360   110.000     0.000   0.60187
  17  O     O     E   17  15  13     1.090   120.000   180.000  -0.57559
#HIP  INT     1                                                  
   4  N     N     M    3   2   1     1.335   116.600   180.000  -0.21334 
   5  H     H     E    4   3   2     1.010   119.800     0.000   0.23626 
   6  CA    CT    M    4   3   2     1.449   121.900   180.000  -0.12068 
   7  HA    H1    E    6   4   3     1.090   109.500   300.000   0.11147 
   8  CB    C2    3    6   4   3     1.525   111.100    60.000   0.16225 
   9  CG    CC    E    8   6   4     1.090   109.500   300.000   0.01100 
  10  ND1   NA    E    8   6   4     1.090   109.500    60.000  -0.01042 
  11  HD1   H     S    8   6   4     1.510   115.000   180.000   0.25662 
  12  CE1   CR    B   11   8   6     1.390   122.000   180.000  -0.00591 
  13  HE1   H5    E   12  11   8     1.010   126.000     0.000   0.22102 
  14  NE2   NA    B   12  11   8     1.320   108.000   180.000  -0.15528 
  15  HE2   H     E   14  12  11     1.090   120.000   180.000   0.37475 
  16  CD2   CW    B   14  12  11     1.310   109.000     0.000  -0.16678 
  17  HD2   H4    E   16  14  12     1.010   125.000   180.000   0.23216 
  18  C     C     S   16  14  12     1.360   110.000     0.000   0.65543 
  19  O     O     E   18  16  14     1.090   120.000   180.000  -0.58857 
#TRP  INT     1                                                  
   4  N     N     M    3   2   1     1.335   116.600   180.000  -0.41166 
   5  H     H     E    4   3   2     1.010   119.800     0.000   0.27330 
   6  CA    CT    M    4   3   2     1.449   121.900   180.000  -0.00295 
   7  HA    H1    E    6   4   3     1.090   109.500   300.000   0.10380 
   8  CB    C2    3    6   4   3     1.525   111.100    60.000   0.06173 
   9  CG    C*    E    8   6   4     1.090   109.500   300.000  -0.08041 
  10  CD1   CW    E    8   6   4     1.090   109.500    60.000  -0.23281 
  11  HD1   H4    S    8   6   4     1.510   115.000   180.000   0.19053 
  12  NE1   NA    B   11   8   6     1.340   127.000   180.000  -0.26829 
  13  HE1   H     E   12  11   8     1.090   120.000     0.000   0.33871 
  14  CE2   CN    B   12  11   8     1.430   107.000   180.000   0.12384 
  15  CZ2   CA    E   14  12  11     1.010   125.500   180.000  -0.20751 
  16  HZ2   HA    S   14  12  11     1.310   109.000     0.000   0.13185 
  17  CH2   CA    B   16  14  12     1.400   128.000   180.000  -0.13504 
  18  HH2   HA    E   17  16  14     1.090   120.000     0.000   0.12061 
  19  CZ3   CA    B   17  16  14     1.390   116.000   180.000  -0.18166 
  20  HZ3   HA    E   19  17  16     1.090   120.000   180.000   0.12253 
  21  CE3   CA    B   19  17  16     1.350   121.000     0.000  -0.15801 
  22  HE3   HA    E   21  19  17     1.090   120.000   180.000   0.12961 
  23  CD2   CB    B   21  19  17     1.410   122.000     0.000   0.05255 
  24  C     C     E   23  21  19     1.090   120.000   180.000   0.57808 
  25  O     O     E   23  21  19     1.400   117.000     0.000  -0.54881 
#PHE  INT     1                                                 
   4  N     N     M    3   2   1     1.335   116.600   180.000  -0.36477 
   5  H     H     E    4   3   2     1.010   119.800     0.000   0.25667 
   6  CA    CT    M    4   3   2     1.449   121.900   180.000  -0.01664 
   7  HA    H1    E    6   4   3     1.090   109.500   300.000   0.10460 
   8  CB    C2    3    6   4   3     1.525   111.100    60.000   0.05976 
   9  CG    CA    E    8   6   4     1.090   109.500   300.000   0.03048 
  10  CD1   CA    E    8   6   4     1.090   109.500    60.000  -0.13011 
  11  HD1   HA    S    8   6   4     1.510   115.000   180.000   0.11338 
  12  CE1   CA    B   11   8   6     1.400   120.000   180.000  -0.15238 
  13  HE1   HA    E   12  11   8     1.090   120.000     0.000   0.12958 
  14  CZ    CA    B   12  11   8     1.400   120.000   180.000  -0.10359 
  15  HZ    HA    E   14  12  11     1.090   120.000   180.000   0.11775 
  16  CE2   CA    B   14  12  11     1.400   120.000     0.000  -0.15238 
  17  HE2   HA    E   16  14  12     1.090   120.000   180.000   0.12958 
  18  CD2   CA    B   16  14  12     1.400   120.000     0.000  -0.13011 
  19  HD2   HA    E   18  16  14     1.090   120.000   180.000   0.11338 
  20  C     C     S   18  16  14     1.400   120.000     0.000   0.54934 
  21  O     O     E   20  18  16     1.090   120.000   180.000  -0.55456 
#TYR  INT     1                                                  
   4  N     N     M    3   2   1     1.335   116.600   180.000  -0.52091 
   5  H     H     E    4   3   2     1.010   119.800     0.000   0.29368 
   6  CA    CT    M    4   3   2     1.449   121.900   180.000   0.04827 
   7  HA    H1    E    6   4   3     1.090   109.500   300.000   0.12375 
   8  CB    C2    3    6   4   3     1.525   111.100    60.000  -0.02802 
   9  CG    CA    E    8   6   4     1.090   109.500   300.000   0.12864 
  10  CD1   CA    E    8   6   4     1.090   109.500    60.000  -0.20103 
  11  HD1   HA    S    8   6   4     1.510   109.470   180.000   0.14802 
  12  CE1   CA    B   11   8   6     1.400   120.000   180.000  -0.21124 
  13  HE1   HA    E   12  11   8     1.090   120.000     0.000   0.14764 
  14  CZ    C     B   12  11   8     1.400   120.000   180.000   0.24151 
  15  OH    OH    E   14  12  11     1.090   120.000   180.000  -0.47586 
  16  HH    HO    B   14  12  11     1.400   120.000     0.000   0.37094 
  17  CE2   CA    S   16  14  12     1.360   120.000   180.000  -0.21124 
  18  HE2   HA    E   17  16  14     0.960   113.000     0.000   0.14764 
  19  CD2   CA    B   16  14  12     1.400   120.000     0.000  -0.20103 
  20  HD2   HA    E   19  16  14     1.090   120.000   180.000   0.14802 
  21  C     C     S   19  16  14     1.400   120.000     0.000   0.62471 
  22  O     O     E   21  19  16     1.090   120.000   180.000  -0.57351 
#GLU  INT     1                                               
   4  N     N     M    3   2   1     1.335   116.600   180.000  -0.41033 
   5  H     H     E    4   3   2     1.010   119.800     0.000   0.27100 
   6  CA    CT    M    4   3   2     1.449   121.900   180.000   0.04137 
   7  HA    H1    E    6   4   3     1.090   109.500   300.000   0.05014 
   8  CB    C2    3    6   4   3     1.525   111.100    60.000   0.04618 
   9  CG    C2    E    8   6   4     1.090   109.500   300.000  -0.07707 
  10  CD    C     E    8   6   4     1.090   109.500    60.000   0.76969 
  11  OE1   O2    3    8   6   4     1.510   109.470   180.000  -0.78422 
  12  OE2   O2    E   11   8   6     1.090   109.500   300.000  -0.78422 
  13  C     C     E   11   8   6     1.090   109.500    60.000   0.43517 
  14  O     O     B   11   8   6     1.527   109.470   180.000  -0.55772 
#ASP  INT     1                                                  
   4  N     N     M    3   2   1     1.335   116.600   180.000  -0.50029 
   5  H     H     E    4   3   2     1.010   119.800     0.000   0.34615 
   6  CA    CT    M    4   3   2     1.449   121.900   180.000  -0.06306 
   7  HA    H1    E    6   4   3     1.090   109.500   300.000   0.11962 
   8  CB    CT    3    6   4   3     1.525   111.100    60.000  -0.04527 
   9  CG    HC    E    8   6   4     1.090   109.500   300.000   0.76578 
  10  OD1   HC    E    8   6   4     1.090   109.500    60.000  -0.78935 
  11  OD2   C     B    8   6   4     1.527   109.470   180.000  -0.78935 
  12  C     O2    E   11   8   6     1.260   117.200    90.000   0.51168 
  13  O     O2    E   11   8   6     1.260   117.200   270.000  -0.55590 
#LYS  INT     1                                                  
   4  N     N     M    3   2   1     1.335   116.600   180.000  -0.43328 
   5  H     H     E    4   3   2     1.010   119.800     0.000   0.29249 
   6  CA    CT    M    4   3   2     1.449   121.900   180.000  -0.03734 
   7  HA    H1    E    6   4   3     1.090   109.500   300.000   0.12260 
   8  CB    C2    3    6   4   3     1.525   111.100    60.000   0.03156 
   9  CG    C2    E    8   6   4     1.090   109.500   300.000  -0.04370 
  10  CD    C2    E    8   6   4     1.090   109.500    60.000   0.10996 
  11  CE    C2    3    8   6   4     1.525   109.470   180.000   0.24664 
  12  NZ    N3    E   11   8   6     1.090   109.500   300.000  -0.14078 
  13  HZ1   H     E   11   8   6     1.090   109.500    60.000   0.25992 
  14  HZ2   H     3   11   8   6     1.525   109.470   180.000   0.25992 
  15  HZ3   H     E   14  11   8     1.090   109.500   300.000   0.25992 
  16  C     C     E   14  11   8     1.090   109.500    60.000   0.67247 
  17  O     O     3   14  11   8     1.525   109.470   180.000  -0.60041 
#PRO  INT     1                                                  
   4  N     N     M    3   2   1     1.337   117.000   180.000  -0.11672 
   5  CD    C2    3    4   3   2     1.458   126.100   356.100   0.12373 
   6  CG    C2    E    5   4   3     1.090   109.500    80.000   0.03756 
   7  CB    C2    E    5   4   3     1.090   109.500   320.000   0.04624 
   8  CA    CT    3    5   4   3     1.500   103.200   200.100  -0.00500 
   9  HA    H1    E    8   5   4     1.090   109.500   218.000   0.06436 
  10  C     C     E    8   5   4     1.090   109.500    98.000   0.33244 
  11  O     O     B    8   5   4     1.510   106.000   338.300  -0.48263 
#HYP  INT     1            ///                                      
   4  N     N     M    3   2   1     1.337   117.000   180.000  -0.25480 
   5  CD    CT    3    4   3   2     1.458   126.100   356.100   0.01920 
   6  1HD   H1    E    5   4   3     1.090   109.500    80.000   0.03910 
   7  2HD   H1    E    5   4   3     1.090   109.500   320.000   0.03910 
   8  CG    CT    3    5   4   3     1.500   103.200   200.100   0.01890 
   9  1HG   HC    E    8   5   4     1.090   109.500   218.000   0.02130 
  10  OD1   OH    S    8   6   4     1.430   109.470   180.000  -0.67610
  11  HD1   HO    E   11   8   6     0.960   109.470   180.000   0.42750 
  12  CB    CT    B    8   5   4     1.510   106.000   338.300  -0.00700 
  13  1HB   HC    E   11   8   5     1.090   109.500   256.300   0.02530 
  14  2HB   HC    E   11   8   5     1.090   109.500   136.300   0.02530 
  15  CA    CT    M    4   3   2     1.451   120.600   175.200  -0.02660 
  16  HA    H1    E   14   4   3     1.090   109.500    60.000   0.06410 
  17  C     C     M   14   4   3     1.522   109.500   300.000   0.58960 
  18  O     O     E   16  14   4     1.229   120.500     0.000  -0.57480
#CYS  INT     1                                                  
   4  N     N     M    3   2   1     1.335   116.600   180.000  -0.41570 
   5  H     H     E    4   3   2     1.010   119.800     0.000   0.27190 
   6  CA    CT    M    4   3   2     1.449   121.900   180.000   0.02130 
   7  HA    H1    E    6   4   3     1.090   109.500   300.000   0.11240 
   8  CB    CT    3    6   4   3     1.525   111.100    60.000  -0.12310 
   9  1HB   H1    E    8   6   4     1.090   109.500   300.000   0.11120 
  10  2HB   H1    E    8   6   4     1.090   109.500    60.000   0.11120 
  11  SG    SH    S    8   6   4     1.810   116.000   180.000  -0.31190 
  12  HG    HS    E   11   8   6     1.330    96.000   180.000   0.19330 
  13  C     C     M    6   4   3     1.522   111.100   180.000   0.59730 
  14  O     O     E   13   6   4     1.229   120.500     0.000  -0.56790 
#CYM  INT     1 
   4  N     N     M    3   2   1     1.335   116.600   180.000  -0.46300 
   5  HN    H     E    4   3   2     1.010   119.800     0.000   0.25200 
   6  CA    CT    M    4   3   2     1.449   121.900   180.000   0.03500 
   7  HA    H1    E    6   4   3     1.090   109.500   300.000   0.04800 
   8  CB    CT    3    6   4   3     1.525   111.100    60.000  -0.73600 
   9  HB3   H1    E    8   6   4     1.090   109.500    60.000   0.24400 
  10  HB2   H1    E    8   6   4     1.090   109.500   300.000   0.24400 
  11  SG    SH    E    8   6   4     1.810   116.000   180.000  -0.73600 
  12  C     C     M    6   4   3     1.522   111.100   180.000   0.61600 
  13  O     O     E   12   6   4     1.229   120.500     0.000  -0.50400 
#CYX  INT     1                                                  
   4  N     N     M    3   2   1     1.335   116.600   180.000  -0.41570 
   5  H     H     E    4   3   2     1.010   119.800     0.000   0.27190 
   6  CA    CT    M    4   3   2     1.449   121.900   180.000   0.04290 
   7  HA    H1    E    6   4   3     1.090   109.500   300.000   0.07660 
   8  CB    CT    3    6   4   3     1.525   111.100    60.000  -0.07900 
   9  HB2   H1    E    8   6   4     1.090   109.500   300.000   0.09100 
  10  HB3   H1    E    8   6   4     1.090   109.500    60.000   0.09100 
  11  SG    S     E    8   6   4     1.810   116.000   180.000  -0.10810 
  12  C     C     M    6   4   3     1.522   111.100   180.000   0.59730 
  13  O     O     E   12   6   4     1.229   120.500     0.000  -0.56790 
#MET  INT     1                                                  
   4  N     N     M    3   2   1     1.335   116.600   180.000  -0.41570 
   5  H     H     E    4   3   2     1.010   119.800     0.000   0.27190 
   6  CA    CT    M    4   3   2     1.449   121.900   180.000  -0.02370 
   7  HA    H1    E    6   4   3     1.090   109.500   300.000   0.08800 
   8  CB    CT    3    6   4   3     1.525   111.100    60.000   0.03420 
   9  1HB   HC    E    8   6   4     1.090   109.500   300.000   0.02410 
  10  2HB   HC    E    8   6   4     1.090   109.500    60.000   0.02410 
  11  CG    CT    3    8   6   4     1.525   109.470   180.000   0.00180 
  12  1HG   H1    E   11   8   6     1.090   109.500   300.000   0.04400 
  13  2HG   H1    E   11   8   6     1.090   109.500    60.000   0.04400 
  14  SD    S     S   11   8   6     1.810   110.000   180.000  -0.27370 
  15  CE    CT    3   14  11   8     1.780   100.000   180.000  -0.05360 
  16  1HE   H1    E   15  14  11     1.090   109.500    60.000   0.06840 
  17  2HE   H1    E   15  14  11     1.090   109.500   180.000   0.06840 
  18  3HE   H1    E   15  14  11     1.090   109.500   300.000   0.06840 
  19  C     C     M    6   4   3     1.522   111.100   180.000   0.59730 
  20  O     O     E   19   6   4     1.229   120.500     0.000  -0.56790 
#ASP  INT     0 
   4  N     N     M    3   2   1     1.335   116.600   180.000  -0.41570 
   5  H     H     E    4   3   2     1.010   119.800     0.000   0.27190 
   6  CA    CT    M    4   3   2     1.449   121.900   180.000   0.03410 
   7  HA    H1    E    6   4   3     1.090   109.500   300.000   0.08640 
   8  CB    CT    3    6   4   3     1.525   111.100    60.000  -0.03160 
   9  1HB   HC    E    8   6   4     1.090   109.500   300.000   0.04880 
  10  2HB   HC    E    8   6   4     1.090   109.500    60.000   0.04880 
  11  CG    C     B    8   6   4     1.527   109.470   180.000   0.64620 
  12  OD1   O     E   11   8   6     1.260   117.200    90.000  -0.55540 
  13  OD2   OH    S   11   8   6     1.260   117.200   270.000  -0.63760 
  14  HD2   HO    E   13  11   8     0.96    109.5     180.0     0.47470 
  15  C     C     M    6   4   3     1.522   111.100   180.000   0.59730 
  16  O     O     E   15   6   4     1.229   120.500     0.000  -0.56790 
#ASH  INT     0 
   4  N     N     M    3   2   1     1.335   116.600   180.000  -0.41570 
   5  H     H     E    4   3   2     1.010   119.800     0.000   0.27190 
   6  CA    CT    M    4   3   2     1.449   121.900   180.000   0.03410 
   7  HA    H1    E    6   4   3     1.090   109.500   300.000   0.08640 
   8  CB    CT    3    6   4   3     1.525   111.100    60.000  -0.03160 
   9  1HB   HC    E    8   6   4     1.090   109.500   300.000   0.04880 
  10  2HB   HC    E    8   6   4     1.090   109.500    60.000   0.04880 
  11  CG    C     B    8   6   4     1.527   109.470   180.000   0.64620 
  12  OD1   O     E   11   8   6     1.260   117.200    90.000  -0.55540 
  13  OD2   OH    S   11   8   6     1.260   117.200   270.000  -0.63760 
  14  HD2   HO    E   13  11   8     0.96    109.5     180.0     0.47470 
  15  C     C     M    6   4   3     1.522   111.100   180.000   0.59730 
  16  O     O     E   15   6   4     1.229   120.500     0.000  -0.56790
#GLU  INT     0 
   4  N     N     M    3   2   1     1.335   116.600   180.000  -0.41570 
   5  H     H     E    4   3   2     1.010   119.800     0.000   0.27190 
   6  CA    CT    M    4   3   2     1.449   121.900   180.000   0.01450 
   7  HA    H1    E    6   4   3     1.090   109.500   300.000   0.07790 
   8  CB    CT    3    6   4   3     1.525   111.100    60.000  -0.00710 
   9  1HB   HC    E    8   6   4     1.090   109.500   300.000   0.02560 
  10  2HB   HC    E    8   6   4     1.090   109.500    60.000   0.02560 
  11  CG    CT    3    8   6   4     1.510   109.470   180.000  -0.01740 
  12  1HG   HC    E   11   8   6     1.090   109.500   300.000   0.04300 
  13  2HG   HC    E   11   8   6     1.090   109.500    60.000   0.04300 
  14  CD    C     B   11   8   6     1.527   109.470   180.000   0.68010 
  15  OE1   O     E   14  11   8     1.260   117.200    90.000  -0.58380 
  16  OE2   OH    S   14  11   8     1.260   117.200   270.000  -0.65110 
  17  HE2   HO    E   16  14  11     0.960   109.500   180.000   0.46410  
  18  C     C     M    6   4   3     1.522   111.100   180.000   0.59730 
  19  O     O     E   18   6   4     1.229   120.500     0.000  -0.56790
#GLH  INT     0 
   4  N     N     M    3   2   1     1.335   116.600   180.000  -0.41570 
   5  H     H     E    4   3   2     1.010   119.800     0.000   0.27190 
   6  CA    CT    M    4   3   2     1.449   121.900   180.000   0.01450 
   7  HA    H1    E    6   4   3     1.090   109.500   300.000   0.07790 
   8  CB    CT    3    6   4   3     1.525   111.100    60.000  -0.00710 
   9  1HB   HC    E    8   6   4     1.090   109.500   300.000   0.02560 
  10  2HB   HC    E    8   6   4     1.090   109.500    60.000   0.02560 
  11  CG    CT    3    8   6   4     1.510   109.470   180.000  -0.01740 
  12  1HG   HC    E   11   8   6     1.090   109.500   300.000   0.04300 
  13  2HG   HC    E   11   8   6     1.090   109.500    60.000   0.04300 
  14  CD    C     B   11   8   6     1.527   109.470   180.000   0.68010 
  15  OE1   O     E   14  11   8     1.260   117.200    90.000  -0.58380 
  16  OE2   OH    S   14  11   8     1.260   117.200   270.000  -0.65110 
  17  HE2   HO    E   16  14  11     0.960   109.500   180.000   0.46410  
  18  C     C     M    6   4   3     1.522   111.100   180.000   0.59730 
  19  O     O     E   18   6   4     1.229   120.500     0.000  -0.56790
#ALD  INT     1                                                 
   4  N     N     M    3   2   1     1.335   116.600   180.000 -0.41570 
   5  H     H     E    4   3   2     1.010   119.800     0.000  0.27190 
   6  CA    CT    M    4   3   2     1.449   121.900   180.000  0.03370 
   7  HA    H1    E    6   4   3     1.090   109.500   300.000  0.08230 
   8  CB    CT    3    6   4   3     1.525   111.100    60.000 -0.18250 
   9  1HB   HC    E    8   6   4     1.090   109.500    60.000  0.06030 
  10  2HB   HC    E    8   6   4     1.090   109.500   180.000  0.06030 
  11  3HB   HC    E    8   6   4     1.090   109.500   300.000  0.06030 
  12  C     C     M    6   4   3     1.522   111.100   180.000  0.59730 
  13  O     O     E   12   6   4     1.229   120.500     0.000 -0.56790 
#SED  INT     1                                                 
   4  N     N     M    3   2   1     1.335   116.600   180.000  -0.41570 
   5  H     H     E    4   3   2     1.010   119.800     0.000   0.27190 
   6  CA    CT    M    4   3   2     1.449   121.900   180.000  -0.02490 
   7  HA    H1    E    6   4   3     1.090   109.500   300.000   0.08430 
   8  CB    CT    3    6   4   3     1.525   111.100    60.000   0.21170 
   9  1HB   H1    E    8   6   4     1.090   109.500   300.000   0.03520 
  10  2HB   H1    E    8   6   4     1.090   109.500    60.000   0.03520 
  11  OG    OH    S    8   6   4     1.430   109.470   180.000  -0.65460 
  12  HG    HO    E   11   8   6     0.960   109.470   180.000   0.42750 
  13  C     C     M    6   4   3     1.522   111.100   180.000   0.59730 
  14  O     O     E   13   6   4     1.229   120.500     0.000  -0.56790 
#THD  INT     1                                                       
   4  N     N     M    3   2   1     1.335   116.600   180.000  -0.41570 
   5  H     H     E    4   3   2     1.010   119.800     0.000   0.27190 
   6  CA    CT    M    4   3   2     1.449   121.900   180.000  -0.03890 
   7  HA    H1    E    6   4   3     1.090   109.500   300.000   0.10070 
   8  CB    CT    3    6   4   3     1.525   111.100    60.000   0.36540 
   9  HB    H1    E    8   6   4     1.090   109.500   180.000   0.00430 
  10  CG2   CT    3    8   6   4     1.525   109.470   300.000  -0.24380 
  11  1HG2  HC    E   10   8   6     1.090   109.500    60.000   0.06420 
  12  2HG2  HC    E   10   8   6     1.090   109.500   180.000   0.06420 
  13  3HG2  HC    E   10   8   6     1.090   109.500   300.000   0.06420 
  14  OG1   OH    S    8   6   4     1.430   109.470    60.000  -0.67610 
  15  HG1   HO    E   14   8   6     0.960   109.470   180.000   0.41020 
  16  C     C     M    6   4   3     1.522   111.100   180.000   0.59730 
  17  O     O     E   16   6   4     1.229   120.500     0.000  -0.56790 
#LED  INT     1                                                 
   4  N     N     M    3   2   1     1.335   116.600   180.000  -0.41570 
   5  H     H     E    4   3   2     1.010   119.800     0.000   0.27190 
   6  CA    CT    M    4   3   2     1.449   121.900   180.000  -0.05180 
   7  HA    H1    E    6   4   3     1.090   109.500   300.000   0.09220 
   8  CB    CT    3    6   4   3     1.525   111.100    60.000  -0.11020 
   9  1HB   HC    E    8   6   4     1.090   109.500   300.000   0.04570 
  10  2HB   HC    E    8   6   4     1.090   109.500    60.000   0.04570 
  11  CG    CT    3    8   6   4     1.525   109.470   180.000   0.35310 
  12  HG    HC    E   11   8   6     1.090   109.500   300.000  -0.03610 
  13  CD1   CT    3   11   8   6     1.525   109.470    60.000  -0.41210 
  14  1HD1  HC    E   13  11   8     1.090   109.500    60.000   0.10000 
  15  2HD1  HC    E   13  11   8     1.090   109.500   180.000   0.10000 
  16  3HD1  HC    E   13  11   8     1.090   109.500   300.000   0.10000 
  17  CD2   CT    3   11   8   6     1.525   109.470   180.000  -0.41210 
  18  1HD2  HC    E   17  11   8     1.090   109.500    60.000   0.10000 
  19  2HD2  HC    E   17  11   8     1.090   109.500   180.000   0.10000 
  20  3HD2  HC    E   17  11   8     1.090   109.500   300.000   0.10000 
  21  C     C     M    6   4   3     1.522   111.100   180.000   0.59730 
  22  O     O     E   21   6   4     1.229   120.500     0.000  -0.56790 
#ILD  INT     1                                                  
   4  N     N     M    3   2   1     1.335   116.600   180.000  -0.41570 
   5  H     H     E    4   3   2     1.010   119.800     0.000   0.27190 
   6  CA    CT    M    4   3   2     1.449   121.900   180.000  -0.05970 
   7  HA    H1    E    6   4   3     1.090   109.500   300.000   0.08690 
   8  CB    CT    3    6   4   3     1.525   109.470    60.000   0.13030 
   9  HB    HC    E    8   6   4     1.090   109.500   300.000   0.01870 
  10  CG2   CT    3    8   6   4     1.525   109.470    60.000  -0.32040 
  11  1HG2  HC    E   10   8   6     1.090   109.500    60.000   0.08820 
  12  2HG2  HC    E   10   8   6     1.090   109.500   180.000   0.08820 
  13  3HG2  HC    E   10   8   6     1.090   109.500   300.000   0.08820 
  14  CG1   CT    3    8   6   4     1.525   109.470   180.000  -0.04300 
  15  1HG1  HC    E   14   8   6     1.090   109.500   300.000   0.02360 
  16  2HG1  HC    E   14   8   6     1.090   109.500    60.000   0.02360 
  17  CD1   CT    3   14   8   6     1.525   109.470   180.000  -0.06600 
  18  1HD1  HC    E   17  14   8     1.090   109.500    60.000   0.01860 
  19  2HD1  HC    E   17  14   8     1.090   109.500   180.000   0.01860 
  20  3HD1  HC    E   17  14   8     1.090   109.500   300.000   0.01860 
  21  C     C     M    6   4   3     1.522   111.100   180.000   0.59730 
  22  O     O     E   21   6   4     1.229   120.500     0.000  -0.56790 
#VAD  INT     1                                                  
   4  N     N     M    3   2   1     1.335   116.600   180.000  -0.41570 
   5  H     H     E    4   3   2     1.010   119.800     0.000   0.27190 
   6  CA    CT    M    4   3   2     1.449   121.900   180.000  -0.08750 
   7  HA    H1    E    6   4   3     1.090   109.500   300.000   0.09690 
   8  CB    CT    3    6   4   3     1.525   111.100    60.000   0.29850 
   9  HB    HC    E    8   6   4     1.090   109.500   300.000  -0.02970 
  10  CG1   CT    3    8   6   4     1.525   109.470    60.000  -0.31920 
  11  1HG1  HC    E   10   8   6     1.090   109.500    60.000   0.07910 
  12  2HG1  HC    E   10   8   6     1.090   109.500   180.000   0.07910 
  13  3HG1  HC    E   10   8   6     1.090   109.500   300.000   0.07910 
  14  CG2   CT    3    8   6   4     1.525   109.470   180.000  -0.31920 
  15  1HG2  HC    E   14   8   6     1.090   109.500    60.000   0.07910 
  16  2HG2  HC    E   14   8   6     1.090   109.500   180.000   0.07910 
  17  3HG2  HC    E   14   8   6     1.090   109.500   300.000   0.07910 
  18  C     C     M    6   4   3     1.522   111.100   180.000   0.59730 
  19  O     O     E   18   6   4     1.229   120.500     0.000  -0.56790 
#AND  INT     1                                                  
   4  N     N     M    3   2   1     1.335   116.600   180.000  -0.41570 
   5  H     H     E    4   3   2     1.010   119.800     0.000   0.27190 
   6  CA    CT    M    4   3   2     1.449   121.900   180.000   0.01430 
   7  HA    H1    E    6   4   3     1.090   109.500   300.000   0.10480 
   8  CB    CT    3    6   4   3     1.525   111.100    60.000  -0.20410 
   9  1HB   HC    E    8   6   4     1.090   109.500   300.000   0.07970 
  10  2HB   HC    E    8   6   4     1.090   109.500    60.000   0.07970 
  11  CG    C     B    8   6   4     1.522   111.100   180.000   0.71300 
  12  OD1   O     E   11   8   6     1.229   120.500     0.000  -0.59310 
  13  ND2   N     B   11   8   6     1.335   116.600   180.000  -0.91910 
  14  1HD2  H     E   13  11   8     1.010   119.800   180.000   0.41960 
  15  2HD2  H     E   13  11   8     1.010   119.800     0.000   0.41960 
  16  C     C     M    6   4   3     1.522   111.100   180.000   0.59730 
  17  O     O     E   16   6   4     1.229   120.500     0.000  -0.56790 
#GND  INT     1                                                  
   4  N     N     M    3   2   1     1.335   116.600   180.000  -0.41570 
   5  H     H     E    4   3   2     1.010   119.800     0.000   0.27190 
   6  CA    CT    M    4   3   2     1.449   121.900   180.000  -0.00310 
   7  HA    H1    E    6   4   3     1.090   109.500   300.000   0.08500 
   8  CB    CT    3    6   4   3     1.525   111.100    60.000  -0.00360 
   9  1HB   HC    E    8   6   4     1.090   109.500   300.000   0.01710 
  10  2HB   HC    E    8   6   4     1.090   109.500    60.000   0.01710 
  11  CG    CT    3    8   6   4     1.525   109.470   180.000  -0.06450 
  12  1HG   HC    E   11   8   6     1.090   109.500   300.000   0.03520 
  13  2HG   HC    E   11   8   6     1.090   109.500    60.000   0.03520 
  14  CD    C     B   11   8   6     1.522   111.100   180.000   0.69510 
  15  OE1   O     E   14  11   8     1.229   120.500     0.000  -0.60860 
  16  NE2   N     B   14  11   8     1.335   116.600   180.000  -0.94070 
  17  1HE2  H     E   16  14  11     1.010   119.800   180.000   0.42510 
  18  2HE2  H     E   16  14  11     1.010   119.800     0.000   0.42510 
  19  C     C     M    6   4   3     1.522   111.100   180.000   0.59730 
  20  O     O     E   19   6   4     1.229   120.500     0.000  -0.56790 
#ARD  INT     1                                                 
   4  N     N     M    3   2   1     1.335   116.600   180.000  -0.34790 
   5  H     H     E    4   3   2     1.010   119.800     0.000   0.27470 
   6  CA    CT    M    4   3   2     1.449   121.900   180.000  -0.26370 
   7  HA    H1    E    6   4   3     1.090   109.500   300.000   0.15600 
   8  CB    CT    3    6   4   3     1.525   111.100    60.000  -0.00070 
   9  1HB   HC    E    8   6   4     1.090   109.500   300.000   0.03270 
  10  2HB   HC    E    8   6   4     1.090   109.500    60.000   0.03270 
  11  CG    CT    3    8   6   4     1.525   109.470   180.000   0.03900 
  12  1HG   HC    E   11   8   6     1.090   109.500   300.000   0.02850 
  13  2HG   HC    E   11   8   6     1.090   109.500    60.000   0.02850 
  14  CD    CT    3   11   8   6     1.525   109.470   180.000   0.04860 
  15  1HD   H1    E   14  11   8     1.090   109.500   300.000   0.06870 
  16  2HD   H1    E   14  11   8     1.090   109.500    60.000   0.06870 
  17  NE    N2    B   14  11   8     1.480   111.000   180.000  -0.52950 
  18  HE    H     E   17  14  11     1.010   118.500     0.000   0.34560 
  19  CZ    CA    B   17  14  11     1.330   123.000   180.000   0.80760 
  20  NH1   N2    B   19  17  14     1.330   122.000     0.000  -0.86270 
  21  1HH1  H     E   20  19  17     1.010   119.800     0.000   0.44780 
  22  2HH1  H     E   20  19  17     1.010   119.800   180.000   0.44780 
  23  NH2   N2    B   19  17  14     1.330   118.000   180.000  -0.86270 
  24  1HH2  H     E   23  19  17     1.010   119.800     0.000   0.44780 
  25  2HH2  H     E   23  19  17     1.010   119.800   180.000   0.44780 
  26  C     C     M    6   4   3     1.522   111.100   180.000   0.73410 
  27  O     O     E   26   6   4     1.229   120.500     0.000  -0.58940 
#HIP  INT     1                                                  
   4  N     N     M    3   2   1     1.335   116.600   180.000  -0.34790 
   5  H     H     E    4   3   2     1.010   119.800     0.000   0.27470 
   6  CA    CT    M    4   3   2     1.449   121.900   180.000  -0.13540 
   7  HA    H1    E    6   4   3     1.090   109.500   300.000   0.12120 
   8  CB    CT    3    6   4   3     1.525   111.100    60.000  -0.04140 
   9  HB2   HC    E    8   6   4     1.090   109.500   300.000   0.08100 
  10  HB3   HC    E    8   6   4     1.090   109.500    60.000   0.08100 
  11  CG    CC    S    8   6   4     1.510   115.000   180.000  -0.00120 
  12  ND1   NA    B   11   8   6     1.390   122.000   180.000  -0.15130 
  13  HD1   H     E   12  11   8     1.010   126.000     0.000   0.38660 
  14  CE1   CR    B   12  11   8     1.320   108.000   180.000  -0.01700 
  15  HE1   H5    E   14  12  11     1.090   120.000   180.000   0.26810 
  16  NE2   NA    B   14  12  11     1.310   109.000     0.000  -0.17180 
  17  HE2   H     E   16  14  12     1.010   125.000   180.000   0.39110 
  18  CD2   CW    S   16  14  12     1.360   110.000     0.000  -0.11410 
  19  HD2   H4    E   18  16  14     1.090   120.000   180.000   0.23170 
  20  C     C     M    6   4   3     1.522   111.100   180.000   0.73410 
  21  O     O     E   20   6   4     1.229   120.500     0.000  -0.58940 
#TRD  INT     1                                                  
   4  N     N     M    3   2   1     1.335   116.600   180.000  -0.41570 
   5  H     H     E    4   3   2     1.010   119.800     0.000   0.27190 
   6  CA    CT    M    4   3   2     1.449   121.900   180.000  -0.02750 
   7  HA    H1    E    6   4   3     1.090   109.500   300.000   0.11230 
   8  CB    CT    3    6   4   3     1.525   111.100    60.000  -0.00500 
   9  1HB   HC    E    8   6   4     1.090   109.500   300.000   0.03390 
  10  2HB   HC    E    8   6   4     1.090   109.500    60.000   0.03390 
  11  CG    C*    S    8   6   4     1.510   115.000   180.000  -0.14150 
  12  CD1   CW    B   11   8   6     1.340   127.000   180.000  -0.16380 
  13  HD1   H4    E   12  11   8     1.090   120.000     0.000   0.20620 
  14  NE1   NA    B   12  11   8     1.430   107.000   180.000  -0.34180 
  15  HE1   H     E   14  12  11     1.010   125.500   180.000   0.34120 
  16  CE2   CN    S   14  12  11     1.310   109.000     0.000   0.13800 
  17  CZ2   CA    B   16  14  12     1.400   128.000   180.000  -0.26010 
  18  HZ2   HA    E   17  16  14     1.090   120.000     0.000   0.15720 
  19  CH2   CA    B   17  16  14     1.390   116.000   180.000  -0.11340 
  20  HH2   HA    E   19  17  16     1.090   120.000   180.000   0.14170 
  21  CZ3   CA    B   19  17  16     1.350   121.000     0.000  -0.19720 
  22  HZ3   HA    E   21  19  17     1.090   120.000   180.000   0.14470 
  23  CE3   CA    B   21  19  17     1.410   122.000     0.000  -0.23870 
  24  HE3   HA    E   23  21  19     1.090   120.000   180.000   0.17000 
  25  CD2   CB    E   23  21  19     1.400   117.000     0.000   0.12430 
  26  C     C     M    6   4   3     1.522   111.100   180.000   0.59730 
  27  O     O     E   26   6   4     1.229   120.500     0.000  -0.56790 
#PHD  INT     1                                                 
   4  N     N     M    3   2   1     1.335   116.600   180.000  -0.41570 
   5  H     H     E    4   3   2     1.010   119.800     0.000   0.27190 
   6  CA    CT    M    4   3   2     1.449   121.900   180.000  -0.00240 
   7  HA    H1    E    6   4   3     1.090   109.500   300.000   0.09780 
   8  CB    CT    3    6   4   3     1.525   111.100    60.000  -0.03430 
   9  1HB   HC    E    8   6   4     1.090   109.500   300.000   0.02950 
  10  2HB   HC    E    8   6   4     1.090   109.500    60.000   0.02950 
  11  CG    CA    S    8   6   4     1.510   115.000   180.000   0.01180 
  12  CD1   CA    B   11   8   6     1.400   120.000   180.000  -0.12560 
  13  HD1   HA    E   12  11   8     1.090   120.000     0.000   0.13300 
  14  CE1   CA    B   12  11   8     1.400   120.000   180.000  -0.17040 
  15  HE1   HA    E   14  12  11     1.090   120.000   180.000   0.14300 
  16  CZ    CA    B   14  12  11     1.400   120.000     0.000  -0.10720 
  17  HZ    HA    E   16  14  12     1.090   120.000   180.000   0.12970 
  18  CE2   CA    B   16  14  12     1.400   120.000     0.000  -0.17040 
  19  HE2   HA    E   18  16  14     1.090   120.000   180.000   0.14300 
  20  CD2   CA    S   18  16  14     1.400   120.000     0.000  -0.12560 
  21  HD2   HA    E   20  18  16     1.090   120.000   180.000   0.13300 
  22  C     C     M    6   4   3     1.522   111.100   180.000   0.59730 
  23  O     O     E   22   6   4     1.229   120.500     0.000  -0.56790 
#TYD  INT     1                                                  
   4  N     N     M    3   2   1     1.335   116.600   180.000  -0.41570 
   5  H     H     E    4   3   2     1.010   119.800     0.000   0.27190 
   6  CA    CT    M    4   3   2     1.449   121.900   180.000  -0.00140 
   7  HA    H1    E    6   4   3     1.090   109.500   300.000   0.08760 
   8  CB    CT    3    6   4   3     1.525   111.100    60.000  -0.01520 
   9  1HB   HC    E    8   6   4     1.090   109.500   300.000   0.02950 
  10  2HB   HC    E    8   6   4     1.090   109.500    60.000   0.02950 
  11  CG    CA    S    8   6   4     1.510   109.470   180.000  -0.00110 
  12  CD1   CA    B   11   8   6     1.400   120.000   180.000  -0.19060 
  13  HD1   HA    E   12  11   8     1.090   120.000     0.000   0.16990 
  14  CE1   CA    B   12  11   8     1.400   120.000   180.000  -0.23410 
  15  HE1   HA    E   14  12  11     1.090   120.000   180.000   0.16560 
  16  CZ    C     B   14  12  11     1.400   120.000     0.000   0.32260 
  17  OH    OH    S   16  14  12     1.360   120.000   180.000  -0.55790 
  18  HH    HO    E   17  16  14     0.960   113.000     0.000   0.39920 
  19  CE2   CA    B   16  14  12     1.400   120.000     0.000  -0.23410 
  20  HE2   HA    E   19  16  14     1.090   120.000   180.000   0.16560 
  21  CD2   CA    S   19  16  14     1.400   120.000     0.000  -0.19060 
  22  HD2   HA    E   21  19  16     1.090   120.000   180.000   0.16990 
  23  C     C     M    6   4   3     1.522   111.100   180.000   0.59730 
  24  O     O     E   23   6   4     1.229   120.500     0.000  -0.56790 
#GL-  INT     1                                                 
   4  N     N     M    3   2   1     1.335   116.600   180.000  -0.51630 
   5  H     H     E    4   3   2     1.010   119.800     0.000   0.29360 
   6  CA    CT    M    4   3   2     1.449   121.900   180.000   0.03970 
   7  HA    H1    E    6   4   3     1.090   109.500   300.000   0.11050 
   8  CB    CT    3    6   4   3     1.525   111.100    60.000   0.05600 
   9  HB2   HC    E    8   6   4     1.090   109.500   300.000  -0.01730 
  10  HB3   HC    E    8   6   4     1.090   109.500    60.000  -0.01730 
  11  CG    CT    3    8   6   4     1.510   109.470   180.000   0.01360 
  12  HG2   HC    E   11   8   6     1.090   109.500   300.000  -0.04250 
  13  HG3   HC    E   11   8   6     1.090   109.500    60.000  -0.04250 
  14  CD    C     B   11   8   6     1.527   109.470   180.000   0.80540 
  15  OE1   O2    E   14  11   8     1.260   117.200    90.000  -0.81880 
  16  OE2   O2    E   14  11   8     1.260   117.200   270.000  -0.81880 
  17  C     C     M    6   4   3     1.522   111.100   180.000   0.53660 
  18  O     O     E   17   6   4     1.229   120.500     0.000  -0.58190 
#AS-  INT     1                                                  
   4  N     N     M    3   2   1     1.335   116.600   180.000  -0.51630 
   5  H     H     E    4   3   2     1.010   119.800     0.000   0.29360 
   6  CA    CT    M    4   3   2     1.449   121.900   180.000   0.03810 
   7  HA    H1    E    6   4   3     1.090   109.500   300.000   0.08800 
   8  CB    CT    3    6   4   3     1.525   111.100    60.000  -0.03030 
   9  HB2   HC    E    8   6   4     1.090   109.500   300.000  -0.01220 
  10  HB3   HC    E    8   6   4     1.090   109.500    60.000  -0.01220 
  11  CG    C     B    8   6   4     1.527   109.470   180.000   0.79940 
  12  OD1   O2    E   11   8   6     1.260   117.200    90.000  -0.80140 
  13  OD2   O2    E   11   8   6     1.260   117.200   270.000  -0.80140 
  14  C     C     M    6   4   3     1.522   111.100   180.000   0.53660 
  15  O     O     E   14   6   4     1.229   120.500     0.000  -0.58190 
#LY-  INT     1                                                  
   4  N     N     M    3   2   1     1.335   116.600   180.000  -0.34790 
   5  H     H     E    4   3   2     1.010   119.800     0.000   0.27470 
   6  CA    CT    M    4   3   2     1.449   121.900   180.000  -0.24000 
   7  HA    H1    E    6   4   3     1.090   109.500   300.000   0.14260 
   8  CB    CT    3    6   4   3     1.525   111.100    60.000  -0.00940 
   9  HB2   HC    E    8   6   4     1.090   109.500   300.000   0.03620 
  10  HB3   HC    E    8   6   4     1.090   109.500    60.000   0.03620 
  11  CG    CT    3    8   6   4     1.525   109.470   180.000   0.01870 
  12  HG2   HC    E   11   8   6     1.090   109.500   300.000   0.01030 
  13  HG3   HC    E   11   8   6     1.090   109.500    60.000   0.01030 
  14  CD    CT    3   11   8   6     1.525   109.470   180.000  -0.04790 
  15  HD2   HC    E   14  11   8     1.090   109.500   300.000   0.06210 
  16  HD3   HC    E   14  11   8     1.090   109.500    60.000   0.06210 
  17  CE    CT    3   14  11   8     1.525   109.470   180.000  -0.01430 
  18  HE2   HP    E   17  14  11     1.090   109.500   300.000   0.11350 
  19  HE3   HP    E   17  14  11     1.090   109.500    60.000   0.11350 
  20  NZ    N3    3   17  14  11     1.470   109.470   180.000  -0.38540 
  21  HZ1   H     E   20  17  14     1.010   109.470    60.000   0.34000 
  22  HZ2   H     E   20  17  14     1.010   109.470   180.000   0.34000 
  23  HZ3   H     E   20  17  14     1.010   109.470   300.000   0.34000 
  24  C     C     M    6   4   3     1.522   111.100   180.000   0.73410 
  25  O     O     E   24   6   4     1.229   120.500     0.000  -0.58940 
#LYD  INT     1 
   4  N     N     M    3   2   1     1.335   116.600   180.000  -0.41570 
   5  H     H     E    4   3   2     1.010   119.800     0.000   0.27190 
   6  CA    CT    M    4   3   2     1.449   121.900   180.000  -0.07206 
   7  HA    H1    E    6   4   3     1.090   109.500   300.000   0.09940 
   8  CB    CT    3    6   4   3     1.525   111.100    60.000  -0.04845 
   9  1HB   HC    E    8   6   4     1.090   109.500   300.000   0.03400  
  10  2HB   HC    E    8   6   4     1.090   109.500    60.000   0.03400 
  11  CG    CT    3    8   6   4     1.525   109.470   180.000   0.06612 
  12  1HG   HC    E   11   8   6     1.090   109.500   300.000   0.01041 
  13  2HG   HC    E   11   8   6     1.090   109.500    60.000   0.01041 
  14  CD    CT    3   11   8   6     1.525   109.470   180.000  -0.03768 
  15  1HD   HC    E   14  11   8     1.090   109.500   300.000   0.01155 
  16  2HD   HC    E   14  11   8     1.090   109.500    60.000   0.01155 
  17  CE    CT    3   14  11   8     1.525   109.470   180.000   0.32604 
  18  1HE   HP    E   17  14  11     1.090   109.500   300.000  -0.03358 
  19  2HE   HP    E   17  14  11     1.090   109.500    60.000  -0.03358 
  20  NZ    N3    B   17  14  11     1.470   109.470   180.000  -1.03581 
  21  1HZ   H     E   20  17  14     1.010   109.470   180.000   0.38604 
  22  2HZ   H     E   20  17  14     1.010   109.470   300.000   0.38604 
  23  C     C     M    6   4   3     1.522   111.100   180.000   0.59730 
  24  O     O     E   24   6   4     1.229   120.500     0.000  -0.56790 
#PRD  INT     1                                                  
   4  N     N     M    3   2   1     1.337   117.000   180.000  -0.25480 
   5  CD    CT    3    4   3   2     1.458   126.100   356.100   0.01920 
   6  1HD   H1    E    5   4   3     1.090   109.500    80.000   0.03910 
   7  2HD   H1    E    5   4   3     1.090   109.500   320.000   0.03910 
   8  CG    CT    3    5   4   3     1.500   103.200   200.100   0.01890 
   9  1HG   HC    E    8   5   4     1.090   109.500   218.000   0.02130 
  10  2HG   HC    E    8   5   4     1.090   109.500    98.000   0.02130 
  11  CB    CT    B    8   5   4     1.510   106.000   338.300  -0.00700 
  12  1HB   HC    E   11   8   5     1.090   109.500   256.300   0.02530 
  13  2HB   HC    E   11   8   5     1.090   109.500   136.300   0.02530 
  14  CA    CT    M    4   3   2     1.451   120.600   175.200  -0.02660 
  15  HA    H1    E   14   4   3     1.090   109.500    60.000   0.06410 
  16  C     C     M   14   4   3     1.522   109.500   300.000   0.58960 
  17  O     O     E   16  14   4     1.229   120.500     0.000  -0.57480 
#HYD  INT     1                                                  
   4  N     N     M    3   2   1     1.337   117.000   180.000  -0.25480 
   5  CD    CT    3    4   3   2     1.458   126.100   356.100   0.01920 
   6  1HD   H1    E    5   4   3     1.090   109.500    80.000   0.03910 
   7  OD1   OH    S    8   6   4     1.090   109.500   320.000  -0.65460 
   8  CG    CT    3    5   4   3     1.500   103.200   200.100   0.01890 
   9  1HG   HC    E    8   5   4     1.090   109.500   218.000   0.02130 
  10  2HG   HC    E    8   5   4     1.090   109.500    98.000   0.02130 
  11  CB    CT    B    8   5   4     1.510   106.000   338.300  -0.00700 
  12  1HB   HC    E   11   8   5     1.090   109.500   256.300   0.02530 
  13  2HB   HC    E   11   8   5     1.090   109.500   136.300   0.02530 
  14  CA    CT    M    4   3   2     1.451   120.600   175.200  -0.02660 
  15  HA    H1    E   14   4   3     1.090   109.500    60.000   0.06410 
  16  C     C     M   14   4   3     1.522   109.500   300.000   0.58960 
  17  O     O     E   16  14   4     1.229   120.500     0.000  -0.57480 
#CYD  INT     1                                                  
   4  N     N     M    3   2   1     1.335   116.600   180.000  -0.41570 
   5  H     H     E    4   3   2     1.010   119.800     0.000   0.27190 
   6  CA    CT    M    4   3   2     1.449   121.900   180.000   0.02130 
   7  HA    H1    E    6   4   3     1.090   109.500   300.000   0.11240 
   8  CB    CT    3    6   4   3     1.525   111.100    60.000  -0.12310 
   9  1HB   H1    E    8   6   4     1.090   109.500   300.000   0.11120 
  10  2HB   H1    E    8   6   4     1.090   109.500    60.000   0.11120 
  11  SG    SH    S    8   6   4     1.810   116.000   180.000  -0.31190 
  12  HG    HS    E   11   8   6     1.330    96.000   180.000   0.19330 
  13  C     C     M    6   4   3     1.522   111.100   180.000   0.59730 
  14  O     O     E   13   6   4     1.229   120.500     0.000  -0.56790 
#CYM  INT     1 
   4  N     N     M    3   2   1     1.335   116.600   180.000  -0.46300 
   5  HN    H     E    4   3   2     1.010   119.800     0.000   0.25200 
   6  CA    CT    M    4   3   2     1.449   121.900   180.000   0.03500 
   7  HA    H1    E    6   4   3     1.090   109.500   300.000   0.04800 
   8  CB    CT    3    6   4   3     1.525   111.100    60.000  -0.73600 
   9  HB3   H1    E    8   6   4     1.090   109.500    60.000   0.24400 
  10  HB2   H1    E    8   6   4     1.090   109.500   300.000   0.24400 
  11  SG    SH    E    8   6   4     1.810   116.000   180.000  -0.73600 
  12  C     C     M    6   4   3     1.522   111.100   180.000   0.61600 
  13  O     O     E   12   6   4     1.229   120.500     0.000  -0.50400 
#CYX  INT     1                                                  
   4  N     N     M    3   2   1     1.335   116.600   180.000  -0.41570 
   5  H     H     E    4   3   2     1.010   119.800     0.000   0.27190 
   6  CA    CT    M    4   3   2     1.449   121.900   180.000   0.04290 
   7  HA    H1    E    6   4   3     1.090   109.500   300.000   0.07660 
   8  CB    CT    3    6   4   3     1.525   111.100    60.000  -0.07900 
   9  HB2   H1    E    8   6   4     1.090   109.500   300.000   0.09100 
  10  HB3   H1    E    8   6   4     1.090   109.500    60.000   0.09100 
  11  SG    S     E    8   6   4     1.810   116.000   180.000  -0.10810 
  12  C     C     M    6   4   3     1.522   111.100   180.000   0.59730 
  13  O     O     E   12   6   4     1.229   120.500     0.000  -0.56790 
#MED  INT     1                                                  
   4  N     N     M    3   2   1     1.335   116.600   180.000  -0.41570 
   5  H     H     E    4   3   2     1.010   119.800     0.000   0.27190 
   6  CA    CT    M    4   3   2     1.449   121.900   180.000  -0.02370 
   7  HA    H1    E    6   4   3     1.090   109.500   300.000   0.08800 
   8  CB    CT    3    6   4   3     1.525   111.100    60.000   0.03420 
   9  1HB   HC    E    8   6   4     1.090   109.500   300.000   0.02410 
  10  2HB   HC    E    8   6   4     1.090   109.500    60.000   0.02410 
  11  CG    CT    3    8   6   4     1.525   109.470   180.000   0.00180 
  12  1HG   H1    E   11   8   6     1.090   109.500   300.000   0.04400 
  13  2HG   H1    E   11   8   6     1.090   109.500    60.000   0.04400 
  14  SD    S     S   11   8   6     1.810   110.000   180.000  -0.27370 
  15  CE    CT    3   14  11   8     1.780   100.000   180.000  -0.05360 
  16  1HE   H1    E   15  14  11     1.090   109.500    60.000   0.06840 
  17  2HE   H1    E   15  14  11     1.090   109.500   180.000   0.06840 
  18  3HE   H1    E   15  14  11     1.090   109.500   300.000   0.06840 
  19  C     C     M    6   4   3     1.522   111.100   180.000   0.59730 
  20  O     O     E   19   6   4     1.229   120.500     0.000  -0.56790 
#APD  INT     0 
   4  N     N     M    3   2   1     1.335   116.600   180.000  -0.41570 
   5  H     H     E    4   3   2     1.010   119.800     0.000   0.27190 
   6  CA    CT    M    4   3   2     1.449   121.900   180.000   0.03410 
   7  HA    H1    E    6   4   3     1.090   109.500   300.000   0.08640 
   8  CB    CT    3    6   4   3     1.525   111.100    60.000  -0.03160 
   9  1HB   HC    E    8   6   4     1.090   109.500   300.000   0.04880 
  10  2HB   HC    E    8   6   4     1.090   109.500    60.000   0.04880 
  11  CG    C     B    8   6   4     1.527   109.470   180.000   0.64620 
  12  OD1   O     E   11   8   6     1.260   117.200    90.000  -0.55540 
  13  OD2   OH    S   11   8   6     1.260   117.200   270.000  -0.63760 
  14  HD2   HO    E   13  11   8     0.96    109.5     180.0     0.47470 
  15  C     C     M    6   4   3     1.522   111.100   180.000   0.59730 
  16  O     O     E   15   6   4     1.229   120.500     0.000  -0.56790 
#AHD  INT     0 
   4  N     N     M    3   2   1     1.335   116.600   180.000  -0.41570 
   5  H     H     E    4   3   2     1.010   119.800     0.000   0.27190 
   6  CA    CT    M    4   3   2     1.449   121.900   180.000   0.03410 
   7  HA    H1    E    6   4   3     1.090   109.500   300.000   0.08640 
   8  CB    CT    3    6   4   3     1.525   111.100    60.000  -0.03160 
   9  1HB   HC    E    8   6   4     1.090   109.500   300.000   0.04880 
  10  2HB   HC    E    8   6   4     1.090   109.500    60.000   0.04880 
  11  CG    C     B    8   6   4     1.527   109.470   180.000   0.64620 
  12  OD1   O     E   11   8   6     1.260   117.200    90.000  -0.55540 
  13  OD2   OH    S   11   8   6     1.260   117.200   270.000  -0.63760 
  14  HD2   HO    E   13  11   8     0.96    109.5     180.0     0.47470 
  15  C     C     M    6   4   3     1.522   111.100   180.000   0.59730 
  16  O     O     E   15   6   4     1.229   120.500     0.000  -0.56790
#GUD  INT     0 
   4  N     N     M    3   2   1     1.335   116.600   180.000  -0.41570 
   5  H     H     E    4   3   2     1.010   119.800     0.000   0.27190 
   6  CA    CT    M    4   3   2     1.449   121.900   180.000   0.01450 
   7  HA    H1    E    6   4   3     1.090   109.500   300.000   0.07790 
   8  CB    CT    3    6   4   3     1.525   111.100    60.000  -0.00710 
   9  1HB   HC    E    8   6   4     1.090   109.500   300.000   0.02560 
  10  2HB   HC    E    8   6   4     1.090   109.500    60.000   0.02560 
  11  CG    CT    3    8   6   4     1.510   109.470   180.000  -0.01740 
  12  1HG   HC    E   11   8   6     1.090   109.500   300.000   0.04300 
  13  2HG   HC    E   11   8   6     1.090   109.500    60.000   0.04300 
  14  CD    C     B   11   8   6     1.527   109.470   180.000   0.68010 
  15  OE1   O     E   14  11   8     1.260   117.200    90.000  -0.58380 
  16  OE2   OH    S   14  11   8     1.260   117.200   270.000  -0.65110 
  17  HE2   HO    E   16  14  11     0.960   109.500   180.000   0.46410  
  18  C     C     M    6   4   3     1.522   111.100   180.000   0.59730 
  19  O     O     E   18   6   4     1.229   120.500     0.000  -0.56790 
#GHD  INT     0 
   4  N     N     M    3   2   1     1.335   116.600   180.000  -0.41570 
   5  H     H     E    4   3   2     1.010   119.800     0.000   0.27190 
   6  CA    CT    M    4   3   2     1.449   121.900   180.000   0.01450 
   7  HA    H1    E    6   4   3     1.090   109.500   300.000   0.07790 
   8  CB    CT    3    6   4   3     1.525   111.100    60.000  -0.00710 
   9  1HB   HC    E    8   6   4     1.090   109.500   300.000   0.02560 
  10  2HB   HC    E    8   6   4     1.090   109.500    60.000   0.02560 
  11  CG    CT    3    8   6   4     1.510   109.470   180.000  -0.01740 
  12  1HG   HC    E   11   8   6     1.090   109.500   300.000   0.04300 
  13  2HG   HC    E   11   8   6     1.090   109.500    60.000   0.04300 
  14  CD    C     B   11   8   6     1.527   109.470   180.000   0.68010 
  15  OE1   O     E   14  11   8     1.260   117.200    90.000  -0.58380 
  16  OE2   OH    S   14  11   8     1.260   117.200   270.000  -0.65110 
  17  HE2   HO    E   16  14  11     0.960   109.500   180.000   0.46410  
  18  C     C     M    6   4   3     1.522   111.100   180.000   0.59730 
  19  O     O     E   18   6   4     1.229   120.500     0.000  -0.56790 

